titles,category
 보궐선거  강서구청장 오후  시 합산투표율       직전 지선보다 낮아,Social
강서구청장 오후  시 투표율       지선보다       ,Social
서울 도심서 열린 팔레스타인 지지 집회  뉴시스    ,Social
 세 여아 학대 방치해 숨지게 한 친모  항소심도 징역   년,Social
온라인 떠돌던 일가족  수원 전세 사기  일파만파 신고만    여건,Social
광주시  정율성 기념사업 중단 보훈부 권고에  계속 추진할 것 ,Social
학폭 폭로 표예림씨  극단적 선택 전 고소 당해 갈등 있던 유튜버  잘못 없다 ,Social
정해용 전 대구경제부시장    신공항 합의  화물터미널 군위로 봐야 ,Social
 내 털 먹어봐  상습 가혹행위 한 선임병  벌금형,Social
지각 사유로  고  학생 목 조르고 뺨 때린 대전 교사 파문,Social
 학사 문의는 학부모 아닌 본인이 직접    요즘 대학 어떻길래,Social
수능 내신 다 바뀌는     학년도 대입 사교육 유발 뇌관은 에듀톡 ,Social
장 차관 타는  전용 차량  비용  위는 법무부  왜 ,Social
학교 돈으로 교직원 교통 과태료 내준 대학 감사서 적발,Social
 오염수 장기간 추적조사 필요  질병청 보고서 놓고 공방,Social
수원시  수십 억대 전세사기 의심 신고 줄 잇자 대책 마련 부심,Social
 속보   사업가   억 수수  이정근  항소심서 징역  년 월,Social
모텔에서 낳은 딸 창밖으로 던져 살해한 엄마 구속  죽을 줄 몰랐다  주장,Social
내년까지 국가공무원 정원  천명 감축 전망,Social
폰만 있으면 되니깐   도박에 빠진 청소년   년만에 무려  배  쑥 ,Social
 누가 아빤지 몰라  딸 창밖에 던져 살해한   대  모습 드러내,Social
 임영웅 표 양도    년생 암표상     명에  천만원 뜯어,Social
 표예림 스토킹  터무니없는 주장  지목된 유튜버 반박,Social
일부러 재판 미루려고      정명석  판사 바꿔줘  또 생떼,Social
 세 여아가      가을이 사건  친모 항소심도 징역   년,Social
 르포  서울대병원 노조 파업 첫날 환자들   진료 보다 서류 발급 시간 더 길어 ,Social
강제로 체모 먹이는 등 상습 가혹행위 한 선임병에 벌금형,Social
울산앞바다 운항 중인 선박서   대 작업자 선내 추락 해경 긴급이송,Social
 전매 차익 얻으려  장애인 명의 빌려 아파트 특별공급 받은   대,Social
모텔서 낳은 딸 창밖 던져 살해한 엄마 구속  도주 우려 ,Social
 단독  디엘이엔씨의  번째 죽음    동    호에 무슨 일이 ,Social
영어유치원비 한달    만원  유아시절부터 교육 불평등 심각 ,Social
 뉴스현장   분당 흉기난동  최원종  정신감정 신청,Social
 단독  영재학교 떠나는  어린영재 들    중도이탈률   ,Social
해병대 후임 머리카락 지지고  겨드랑이털까지 먹였다,Social
단체교섭 결렬 경기도 버스노조   일 총파업 예고   일 찬반투표,Social
 차 빼달라  편의점 점주 요청에  일째 보복주차 경찰  방법 없다 ,Social
이주호  교육개혁이라는 시대적 사명 완수하기 위해 최선 ,Social
정순신  국민 눈높이 못 맞췄다 피해 학생 가족들께 사과 ,Social
 지그재그  음주운전 몽골 외교관 적발  면책특권 으로 처벌 면해  사사건건 ,Social
대구 시민   명 중  명  재정 부담 신청사 건립 보류해야 ,Social
    허위 보도 의혹  김병욱 보좌관 기자 압수수색,Social
손도끼 든 시민  앞차 유리창  쾅쾅  발작 일으킨 운전자 구했다 영상 ,Social
올해 또  창원 마산 앞바다서 정어리 집단 폐사 발견,Social
쓰레기 줍다 심장멎어 숨 헐떡   대 공공근로자  시민 심폐소생술로 살렸다,Social
 내 겨드랑이털 먹어  해병대 후임병 때린   세  벌금    만원,Social
 포착   여고생인데요  술   담배 사주세요   그럼 신던 스타킹 줘 ,Social
스토킹 신고에 격분  흉기 휘둘러 전 여친 아들 살해한   대 징역   년,Social
 현실판 더 글로리  표예림 결국 숨진 채 발견  스브스픽 ,Social
서울시 수돗물 수요 늘어난다 아리수  천억 들여 정수 강화 종합 ,Social
세종시 시내버스 무료화 가시밭길 예고 시의장  우려 많다 ,Social
그간 국방부 뭐했나   이예람 이후 군 성범죄 더 늘었다,Social
 엄마 때리지 마세요  옛 애인 아들 살해한   대 항소심도 징역   년,Social
검찰   사건브로커에 정보제공 의혹  검찰수사관 대상 수사 진행,Social
오메가엑스 글로벌 팬  스파이어엔터  허위사실 유포 멈춰야  규탄성명,Social
외국산 돼지고기 섞어  국내산 무한리필  식당업주 영장,Social
  현대중 차기 호위함 입찰 가처분 기각 한화오션  법원 판단 환영 ,Social
 코로나   위기단계  주의 로 하향 연내 결정 ,Social
 쪼개기 후원  구현모 전   대표  횡령 혐의 벌금    만원,Social
 딱 걸렸다  청주 돼지고기 무한 리필집서 원산지 속이고 수년간 장사,Social
이스라엘 여행객    여명 귀국  길가에 탱크 줄 서 ,Social
사건 브로커에 돈 받고 수사정보 흘린 검찰 수사관 강제수사 종합 ,Social
한동훈  한국형 제시카법 이달 중 입법 예고 ,Social
이동관     민영화 언급하고  공영방송이 무슨 금자탑인가 ,Social
   전북교육감  동료 교수 폭행 의혹  재판 위증 혐의 이귀재 교수 압색,Social
보트 위에서 냄새 맡다  왈   수난탐지견 파도 규리  실종자 또 찾았다,Social
 조폭 저격  유튜버  너클 낀 일당에 피습 알고보니 안양 조폭 신입,Social
대학병원 인턴  마취환자 성추행 사건  대법원으로,Social
대구  신청사 건립사업에  부지매각  방침 재확인 여론조사 결과 발표,Social
   규탄 농성  송영길   개월 동안 압수수색    번 소환도 못해 ,Social
보훈부  정율성 사업  중단 권고에 광주시  위법 사항 없어 ,Social
 등급으로 넓혀 경쟁 완화  결국 수능이 이겼다,Social
 서울대병원 파업  첫 날      명 참가  응급실 등 유지  종합 ,Social
길가던   대 치어 숨지게 한 뺑소니  승용차 운전자  검거,Social
일산차병원  로봇수술      례 달성,Social
정황근 농식품부 장관  개 식용  이 시점에서 종식해야 ,Social
법무부   한국형 제시카법  입법 추진  고위험 성범죄자 거주 제한한다,Social
 조직폭력배 저격  유튜버 폭행한 일당 알고봤더니 안양지역 조폭,Social
부대 행사 사라지고 상영작도 줄었다      규모 축소 현실로,Social
조폭 저격 유튜버 결국 보복당했다 너클 끼고 폭행,Social
방영환 택시 노동자 분신 노조 유가족  완전월급제 투쟁할 것 ,Social
닭장에 갇힌 이스라엘 어린이   전쟁 전 촬영  거짓 영상   오마이팩트 ,Social
천안 안서동 대학로  청사진 나왔다,Social
임실군  치즈축제 옥정호 등 인기 관광객 역대 최대 기록,Social
 이 팔 전쟁  둘로 갈라진 지구촌 곳곳서 맞불 시위,Social
 프듀   위  김지성  미코에선  등 올랐다   위 했던 동생은 탈락,Social
돈 벌려고 분양받은 개   마리 영하   도 산에 버린   대,Social
피프티 소속사 대표       그것이알고싶다 서 인터뷰한 관계자 고소,Social
시흥 복합물류센터 신축 현장서    이테크건설 하청업체 소속   대 근로자 사망,Social
 수사권 조정  년 개월  검찰 보완수사 요구     만건 해마다 증가,Social
누렇게 변한 야생생물 보호구역    주민들 제초제 살포 때문 ,Social
 너클  끼고  조폭 저격  유튜버 폭행  안양 조폭 검거,Social
 미화원 채용 알선  수억원 받은 광주 지자체 노조위원장 구속기소,Social
지하철      호선 노후 전동차 새 전동차로    칸 교체,Social
피프티 소속사 어트랙트   그알  내부관계자 인터뷰이 허위사실 적시 명예훼손으로 고소,Social
율동으로   년치 월급  여성 너도나도  라방 ,Social
경북대병원 파업 첫날  어수선  환자들 하염없이  대기 중 ,Social
 수의사 남친 에 임신사실 알리자  사실 유부남 ,Social
이균용 낙마에 김영훈 변협회장  대법원장 후보 공개추천 ,Social
 분 지각했다고 고  학생 뺨 때리고 목 조른 교사,Social
 땜질식 처방 안 돼  농어촌특별세 폐지되면  조    억원 사라져,Social
수원 전세사기 피해신고   건 접수 피해액   억,Social
직장 어린이집 설치 의무 어긴 기업 서울에   개  제로 로 만든다,Social
지하철 개찰구 통과 때  어르신 건강하세요    어르신들 뿔났다,Social
교통혼잡 유발 건물에 세금    억원 부과된 시설 어디 ,Social
피 흘리는 아내 방치하고 테니스 치러간   대 남편  유기죄만 적용,Social
임신했다는 말에  내 아이 맞아  아내가 곧 출산한다 는 수의사 남친,Social
 대선 허위 녹취록  정황 포착 김병욱 의원 보좌관 기자 압수수색 종합 ,Social
최용규 변호사  총선출마 회견  포항 더 큰 미래 열겠다 ,Social
부산세관  담배   만갑 밀수출 조직 적발 대상국과 가격 차    배,Social
 임영웅 표 팝니다    년생 민증에 속은    명      만원 뜯겼다,Social
검찰  이정근 선거법 위반 혐의 징역  년 개월 구형,Social
  활어차 부산항 입항은 매년 증가   방사능 검사 차량은  대 중  대,Social
음주운전 적발된 몽골 외교관  면책특권으로 처벌 피해,Social
해경  백령도 불법조업 중국어선  척 나포      척 퇴거 조치,Social
서울대병원 노조  무기한 파업 돌입  검사 언제 할 수 있을지  진료 차질,Social
 단독  업무협의  위해 금감원 출입하는 대형 로펌 변호사들 투명성 제고 목소리,Social
 쪼개기 후원  구현모     대표  횡령  심 벌금    만원,Social
조규홍 복지장관      년 의대 증원 노력 공공의대 설립엔 신중 ,Social
검찰  대선보도  명예훼손 혐의 기자 야당 의원 보좌관 압수수색,Social
쓰레기 줍다 심장멎은   대 공공근로자 긴박한 응급처치로 소생,Social
 단독  최근    년간 교원 추락사  명     원인 밝혀내야 ,Social
 학폭 피해 폭로  표예림  극단 선택 전 경찰 조사 앞둬,Social
후임에  겨털  먹인 해병대 예비역 벌금    만원,Social
양육비 안 주는  나쁜 아빠  첫 형사재판 열려  검찰  징역  개월 구형,Social
 지각했다 는 이유로 교사가 학생 목 조르고 뺨 때려 전치  주  혐의 인정 ,Social
 대강 정책 두고     행정 폭거         소모적 논쟁 그만      국감 ,Social
김동연  경기청년 기회사다리금융 출시   통장 전달식  행사,Social
 임금체불  분신 택시기사 유족  월급제 도입  책임자 처벌해야 ,Social
 더 글로리  현실판 주인공  숨진 채 발견 유튜버와 고소전,Social
수원 전세사기 피해 확산   명    억 규모,Social
대구시민 다수  대책없는 신청사 이전 원치않아 ,Social
의정부 호원초 교사 유족  학부모  명 고소,Social
변협  대법원장 후보 공개 추천 재개   일 발표 ,Social
 떡볶이에 머리카락  사장님만 보이게 올린 사진 리뷰  숨은 사연은 ,Social
 단독  경찰도 환호했다는 그 기술  치매 실종자      수색   가 대신한다,Social
피해 신고만    건  수원 전세사기  집중 지역에 현수막 건다,Social
 쪼개기 후원  구현모 전    대표에 벌금    만원 추가,Social
들불처럼 번지는  가을 독감  학원가에 다시 등장한  일회용 마스크 ,Social
음료 들고 버스 타려다 거절당하자 길바닥에 던진 승객 논란,Social
실적 시즌 온다  분기 제약바이오 호실적 기대,Social
소아 환자 봐줄 응급실 부족 도착해도 문전박대   분뉴스 ,Social
외국산을 국산으로  돼지고기  년간 속여 판 식당 주인,Social
좌회전  킥보드 여학생  피하다 트럭 전복 여학생은 도망 공분 영상 ,Social
대구시  시민     시청 신청사 건립 보류 의견  여론조사 결과,Social
이원석 검찰총장  교사 정당한 지도는 아동학대 아냐 ,Social
한동훈  인사정보관리단  기계적 자료 수집만 판단은 대통령실 ,Social
   년 전 부마민주항쟁의 기록을 찾습니다 ,Social
부마민주항쟁 때 물고문 보상금 받았어도  정신적 손배소  가능하다,Social
웅진씽크빅 그림책  친구의 전설   가족 뮤지컬로 재탄생한다,Social
 수원 전세사기 의혹  피해 신고    건 하루 새   건 늘어 종합 ,Social
빚내 신청사 건립 안돼 시민 여론 재정 대책없는 신청사 건립 압도적 반대,Social
모텔서 신생아 창밖으로 던져 살해한   대 친모 구속 기로,Social
담배 사주고 청소년에  스타킹 달라  나쁜 어른들 무더기 적발,Social
 잘 지내니  헤어진 연인에    차례 문자 보낸   대  구속 ,Social
 전세사기 깡통전세 피해자      정부 대책 도움 못 받아 ,Social
한동훈  인사검증 질의에  법무부는 기계적으로 자료 수집 ,Social
혼자 귀가하는 아동 노린   대 최후 과거에도 성범죄 전력  ,Social
성인 남성이 여고생에  술 담배 사줄 테니 신던 스타킹 달라 ,Social
검찰   위증 혐의  전북대 이귀재 교수 자택 등 압수수색,Social
변협  대법원장 후보 공개 추천 재개   일 명단 발표 ,Social
 김건희 논문  의혹 증인  명 다 불출석     동행명령 발부해야 ,Social
    년 그대로인 의대 정원 보건복지부      년에 확대 ,Social
불법촬영 매년     건 관악구 모텔 카메라에 찍힌 피해자    명,Social
 늦잠 잤습니다  뭐가 잘못됐나요   학생은  분 늦었고  교사는 뺨을 때렸다,Social
 결국 뇌사  쓰러진 아내 두고 테니스 치러 간 남편 유기죄만 적용,Social
     만원 영어유치원  다음은   세 고시 에 내몰린다,Social
보훈부  정율성 사업  중단 권고   광주  위법 없다  거부,Social
무단횡단 보행자 치어 숨지게 한 운전자  명 무죄 이유는 ,Social
민주당 원주을 지역위원회  아카데미극장 갈등 해결 촉구 성명,Social
 청주가 캠핑 성지로  코베아  축구장   개 크기 명품 캠핑장 만든다,Social
국내산 돼지라던 무한리필 식당 수입산 섞었다,Social
옥순은 영숙을  명예훼손 으로 고소할 수 있을까 궁즉답 ,Social
대구 시민   명 중  명  유휴부지 매각해 신청사 재원 마련 ,Social
질병청  코로나   위기 단계  주의 로 하향 시점 연내 결정 ,Social
국제결혼 베트남   아들과 중앙선 침범 차량에 참변,Social
 남들  년 번 돈 하루에 다 써  손녀 돈자랑에 부정축재 들킨   퇴직간부,Social
외국산 돼지 국내산으로 속여 판 무한리필식당 사장 구속영장,Social
 난 잘못 없다   극단선택  표예림이 지목한 유튜버  입장문 보니,Social
백령도 인근 해상서     침범해 불법조업 해경  중국어선  척 나포,Social
 단독  불량 의사  실형 받고도 진료 면허 뺏는데    일 걸린다,Social
킥보드 피하던 트럭  끼익  쾅   그냥 가려다  어디가   소리에 ,Social
 르포   폭격 중단하라   광화문에 모인  팔레스타인 지지자들 ,Social
수난탐지견 파도 규리  남한강서 실종된   대 남성 찾았다,Social
 늦잠 잤다 는 말에 격분  분 늦은 학생 목 조르고 폭행한 교사,Social
 단독   년 전엔 난리치더니  학대 아동 보호  약속 안지키는 정부,Social
서울억새축제   일 시작 하늘공원  일간 야간 개방,Social
여고생 킥보드 피하려다 트럭 전복 학생은 그냥 가려 했다  영상 ,Social
부산 교차로서    트럭 승용차와 충돌 후 전도  명 경상,Social
한동훈  인사검증 부실 지적에  기계적 자료 수집만   판단 안해 ,Social
경남 단감 주산지 농민들 울상 탄저병 확산에 생산량  뚝 ,Social
 피프티  소속사 대표   그알 서 인터뷰한 관계자 고소,Social
 지그재그 음주운전  몽골대사관 외교관 적발   음주측정 거부,Social
헤어진 연인 폭행 말리던 아들 살해한   대 징역   년,Social
과학 유튜버  궤도   겸직금지 어기고 수억원 벌고  잘 몰랐다 ,Social
 이탄희  비리 경제인 사면 참담  한동훈  대통령 정치적 결단 ,Social
해양진흥공사      지분매각에 산은과 입장차 없다 ,Social
 보궐선거  강서구청장 오후  시 합산투표율       직전 지선보다 낮아,Social
안성 물류센터 신축 공사장서   대 작업자 추락해 숨져,Social
 제주대에    억 쾌척  재일제주인 사업가 김창인 회장 별세,Social
법원  학생연구원 인건비  억 빼돌린 경북대 교수 보석 허가,Social
육군   보병사단  백룡     완전작전  유공자 격려 행사 실시,Social
 뉴 리폿   마지막 비행기  소문 돌았다 이스라엘 여행객    명 귀국,Social
영어유치원비 월평균    만원  세종이  위,Social
 음주 후 난폭운전  몽골대사관 외교관 붙잡히자  면책특권 ,Social
교육감님과 교육계에 드리는 호소 유보통합을 말하다 ,Social
      국감 한동훈  법무부는 인사 자료 수집 역할만  가부 판단 안해 ,Social
사건 브로커에 돈 받고 수사 정보 알려준 검찰 수사관 강제수사,Social
여고생에 술 담배 대리구매 신던 스타킹 요구한  ,Social
 금메달 주역     축구 국대들이 압구정 클럽에  영상 퍼져,Social
이스라엘서    명 귀국  훈련인 줄 알았다 ,Social
스토킹 피해 호소했던 표예림  지목된 유튜버  잘못 없다 ,Social
  표예림씨  극단 선택 전 무더기 고소 당했었다,Social
 수수료 로 신던 스타킹 양말 달라  청소년 술담배  댈구 한 나쁜 어른들,Social
검찰   선거법 위반  이정근에 징역  년  개월 구형,Social
과학 유튜버 궤도  겸직금지 규정 어겨 정직 처분,Social
    대선 허위보도 의혹  민주당 김병욱 의원실 보좌관 등 압수수색,Social
 단독  질병청   오염수 보고서 공개  전문가 의견 뭉갰다,Social
 이시각헤드라인    월   일 뉴스현장,Social
 와주라  공정방송     지켜주라        시민주주운동 시작,Social
임신 알렸더니 수의사 남친  내 애 맞아  사실 나 유부남  돌변,Social
      국감 코로나   위기단계 경계 주의 하향 시점  연내 결정,Social
극단적 선택 표예림씨  폭로 후 고소만  건 당해,Social
 사람이 먼저인데 규정 어기는 개플루언서  짜증  승무원 고충 견주  허위  반박,Social
코로나  경계 에서  주의 로 하향  질병청  올해 안에 결정,Social
연인 폭행 말리던  살 아들 살해 후 납치 강간까지 시도한   대 ,Social
제주 유명 식당 대표 살해 주범   공범에 항소심 사형 구형,Social
 단독 김행  또 거짓해명   잘 모른다 던 기업 이끌며 넥서스투자서 수억원 유치,Social
 천장 뜯었더니 고인 물이 우수수    년 된 정부서울청사 누수,Social
표예림 극단 선택 사망 촉법나이트  끝까지 가해자들 추적해 지옥 보낼 것 ,Social
검찰   대선 가짜뉴스  연결고리 찾았나,Social
 늦잠 잤습니다    분 지각한 학생  목 조르고 뺨 때린 교사,Social
온라인 도박 늪 빠진 청소년 상담 줄줄이    중독 괜찮을까 ,Social
  정부 통계조작 의혹  표본조사 설계 통계청 직원 참고인 조사,Social
 김동연표 슈퍼통장  경기청년  만명에 저리 대출  저축시 우대금리,Social
박범계   출장비 축소 논란에  심심한 유감    축소할 이유 없어 ,Social
음주운전 차량에 손수레 끌던   대 여성 치여 숨져,Social
 음주운전 의심  몽골 외교관  면책특권으로 처벌 불가 사건 종결,Social
한화진 환경 장관   라돈 침대  지자체와 분산 매립 협의 중 ,Social
전세사기 피해자  명 중  명  막다른 골목 ,Social
 장애 영아 살해  혐의 친부모 외조모  첫 재판서 혐의 부인,Social
 단독  비대면진료 초진 장애인 환자  시범사업 한달 만에     줄었다,Social
이원석 검찰총장  교권회복  법 취지 충실히 반영할 것 ,Social
 맨발의 디바  가수 이은미  대구가톨릭대 석좌교수로 임용,Social
 표예림이 지목한 유튜버  난 잘못없어 모욕시 엄단할 것 ,Social
 순금        황금박쥐상  예산  억원 들여 보금자리 옮긴다,Social
 늦잠 잤습니다 에 격분  분 지각  고  뺨  때린 교사  경찰 조사,Social
검찰   선거법 위반  이정근에  징역  년 개월 벌금    만원 구형,Social
  일 치르는 마지막 학평  수능 긴장 면역력  키울 기회 삼아야,Social
내설악 단풍도 즐기고  꽃도 보고 인제가을꽃 축제 연장된다,Social
 학폭 폭로  표예림씨  극단 선택 전 유튜버와 고소전,Social
고속도로 커브길 달리던     화물차 전도   대 운전자 사망,Social
 택시노동자 위한 아버지 뜻 잇겠다  유가족 눈물 속 다짐,Social
검찰   선거법 위반  이정근 징역  년 개월 구형,Social
 나는 고통을 모른다  그저 사랑하고 있다 ,Social
 길바닥에 음료 냅다 내동댕이  버스 탑승 제지에 승객 행패,Social
학폭 폭로 표예림씨  극단적 선택 전 모욕 등  건 고소 당해 종합 ,Social
방심위  뉴스타파 의견진술 듣는다  인터넷 보도 심의  호,Social
      국감  인사정보관리단 부실 검증 논란 한동훈  과거에도 비슷 ,Social
지자체가 먹튀   국비 지원 받고  사업 운영은 안해 ,Social
논산시 육군병장봉사단 발대식 개최,Social
철문 걸어 잠그고 도주 중국 어선  해경  절단기 동원 나포,Social
피 흘리며 쓰러진 아내 뇌사 사진 찍고 테니스 치러간 남편  죄목은,Social
 경찰병원 아산분원 예타 면제 돼야 ,Social
 엮이기 싫어서  피 흘리는 아내 두고 테니스 치러 간 남편,Social
검찰  이정근에  선거법 위반  혐의로 징역  년  개월 구형,Social
 여신도 성폭행      정명석  법관기피 즉시항고 기각에 재항고,Social
 킁킁  물속    까지 냄새 맡는 수난탐지견  파도   규리    대 실종자 찾았다,Social
 지옥 보내겠다   표예림 가해자 신상     에 확산,Social
울산 영어유치원 교습비 월    만원  년간 매년 증가,Social
복지장관  의대정원     년 입시부터 확충 노력 ,Social
김행  민주당 배임 고발 환영 퇴직금 준 것일 뿐 ,Social
도박에 돈 잃자 이웃  명 살해했다   대 중국인 무기징역,Social
시흥시  배곧 월곶 잇는 연결교량  해월교  오늘부터 정식운영,Social
 날 신고해   옛 애인 아들 살해한 남성   심도 징역   년,Social
피 흘린 채 쓰러진 아내 두고 운동 간 남편  유기 혐의  검찰 송치,Social
흡연 음주 질병 앓는   대 환자   명 중  명꼴  여성 ,Social
복지장관      년 의대 정원 확대 계획 공공의대 설립은 신중해야 ,Social
대리점 거래 끝나면 보증금 바로 돌려줘야 표준계약서 개정,Social
 어린 자녀 꼭 끌어안은 아빠  이스라엘 체류 한국인    명 귀국,Social
한동훈  한국형 제시카법 이달 중에 입법 예고할 것 ,Social
사학재단 이사장도 빼먹은  나랏돈    명 검거   억 적발,Social
경기도 청년 위한     억원 규모 금융정책 상품 나왔다,Social
성폭행 혐의 정명석  법관 기피 신청 항고 기각 되자 재항고,Social
경남은행 횡령 공범  베트남으로 도망가다 출국금지에 딱 걸렸다,Social
 사장님      원 꼭 갚을게요   초등학생이 카페 사장에 건넨 편지  따뜻했슈 ,Social
방심위  인터넷 언론 첫 심의는 뉴스타파 의견진술 결정,Social
음란물 못 끊은 성범죄자들 치료감호 중에도 수개월간 돌려봤다,Social
익산 도심 속  배산공원  익산시가 매년 수억원 대 임대료 내고 쓰는 사연은 ,Social
걸어서  화산섬 제주  속으로        일 지질트레일 열려,Social
전북대  전공 칸막이 없앤다 글로컬대학   사업으로 학생 중심 대학 실현 선언,Social
경남 김해  가야사 바로세우기  후끈 ,Social
  분 지각했다고     학생 목 조르고 뺨 때린 대전 교사,Social
 영상 대전서 여고생 탄 전동킥보드 피하려다 트럭 전복  사람 하나 살렸다 ,Social
킥보드 여고생 피하려다 전복된 트럭  학생과 부모가 물어줘야 ,Social
 맨발의 디바  이은미  대구가톨릭대 석좌교수로 임명,Social
   이정근에  선거법 위반  혐의로 징역  년 개월 구형,Social
 단독   수원 전세사기  의혹 임대인  이미  월에 부동산 가압류,Social
광주시   정율성 기념사업 위법 사항없어 ,Social
무릎 꿇고 검찰 규탄한 송영길  더 이상 압수수색에 당하지 않겠다   뉴시스    ,Social
우대 금리 저축 대출을 한 통장에    경기청년 기회사다리금융  출시,Social
  천 억 벌었다  김종인 주진형 주식투자 사칭광고  전문가도 클릭    속았다,Social
느림의 미학  가을 문학관 에서 놀면서 배우다,Social
방통위  공석된     이사에       왜곡  전 월간조선 기자 추천,Social
원자력연  전기차 폐배터리 친환경 재활용 기술 개발,Social
질병청   오염수 용역보고서  비공개 논란    고의적 누락 ,Social
제주 유명식당 대표 살해 주범 공범에 항소심도 사형 구형,Social
복지부 국감서 여야  문재인 케어 의료 불균형  공방,Social
부산 기장에 국내 최대 규모  반려동물 테마파크  조성,Social
성범죄자 거주지 제한한다 한동훈  한국형 제시카법 이달 입법예고 ,Social
조타실 폐쇄한 철문 절단기로 강제개방 불법조업 중국어선  척 나포,Social
변협  대법원장 후보자 공개추천 재개키로,Social
 기껏 분리수거했는데 또 섞였다      억 낭비한 환경부,Social
 중국 연간 신생아 수     만 명 선 유지될 것 ,Social
  현대   보안사고에 날아간 호위함 수주 불복 가처분도 기각,Social
톱텍  구미에 이차전지 제조라인 신설    억 투자,Social
 버스 음료 안돼요  제지하자 길바닥에  퍽  내동댕이  글 글 ,Social
가상자산 사기 수사 청탁   대 구속,Social
 분홍 상의   검정 바지  문자 발송   분 만에 택시기사  눈썰미 ,Social
보은 봉계터널 폐쇄 석 달 주민들  한쪽이라도 열어달라 ,Social
경북 올해 사망자만   명   야생 진드기 조심,Social
 눈덩이 전세사기  사태 수원시  상담센터 긴급주거 지원 ,Social
쓰러진 아내 두고 테니스 치러 간 남편  유기죄 로 송치,Social
  분 지각  학생 목 조르고 뺨 때린 교사  경찰 조사중,Social
 죽을 줄은 몰랐다  모텔서 낳은 딸 쇼핑백에 담아 던진 비정한 엄마,Social
인터넷언론사  뉴스타파  최초 심의  조항 적용부터 공방 치열,Social
 월 울산 아파트 경매 건수 줄고 낙찰가율 올라,Social
 코로나    경계 주의  하향 시점  올해 안 결정 ,Social
 조폭 저격  유튜버 폭행 일당  안양 조폭으로 확인,Social
 김건희 표절 의혹  결과도  설명도 못 내놓는 대학 릴레이  줄행랑 ,Social
  분 지각  이유로 학생 뺨 때린 대전의 고  교사  아동학대 신고,Social
 보궐선거  강서구청장 오후  시 합산투표율       직전 지선보다 낮아,Social
 효도할 수 있게 선처 부탁    인천서     명 살해  협박글 올린   대 최후진술,Social
너클 끼고  조폭 저격  유튜버 폭행한 일당   정체 밝혀졌다,Social
검찰  이정근에  선거법 위반  혐의로 징역  년  개월 구형,Social
연구실 안전사고  급증  윤석열 정부는 안전예산 수십억  삭감 ,Social
표예림 사망에 카라큘라  내 모든 것 걸어 책임 묻겠다  가해자 응징 예고,Social
정율성 사업 중단하라는 보훈부 권고에 광주시  위법사항   ,Social
고위 공무원 출신   대 남성 실종 사흘 만에 숨진 채 발견,Social
 스토킹 신고해서  전 여친  세 아들 살해한   대  항소심도 징역   년,Social
 국산 담배 가격  배 이상  합판에   만갑 숨겨 호주로 밀수 시도한 일당,Social
 학폭 피해  폭로한 유튜버 표예림 부산서 숨진채 발견,Social
엄동설한 산속에 개   마리 유기한   대  심 형량은 ,Social
전북      충남     부족 지방 국립대병원 전공의 인력난 심각,Social
 전세사기   가구 중  가구만 피해자로 인정 특별법 개정 필요 ,Social
현실판  더글로리  표예림씨  극단적 선택 전 다수의 고소로 경찰조사 앞둬,Social
영어 유치원 교습비 월    만원    세 고시  레벨테스트 경쟁도 치열,Social
학폭 고발 표예림씨 극단선택 전 명예훼손 등 고소 당해,Social
 제주대    억 쾌척  재일제주인 사업가 김창인씨 추도식 열려,Social
 단독   불연물 선별 로      억원 경제효과   허위 온실가스 발생량 도 줄어,Social
점심시간 쪼개 새 강서구 일꾼에  한 표  사원증 맨 직장인 대거 투표,Social
변협  새 대법원장 후보 공개 추천하겠다 ,Social
창원 마산만 쪽 해안에서 올해 첫  정어리 떼 폐사  발생,Social
검찰  이정근에  선거법 위반  혐의로 징역  년 개월 구형,Social
 우대 금리로 저축 대출 지원    경기청년 기회사다리통장  출시,Social
 정부 지원대책 이용한 전세사기 깡통전세 피해자     불과 ,Social
 살해 아닌 낙태   장애 영아 살해  혐의 부인한 부부,Social
경기도  전국 최초 청년금융 지원  기회사다리통장  출시   도전 재기 기회제공,Social
과학 유튜버 궤도   겸직 금지  위반하고 외부활동 수익 정직 처분,Social
 왜 의사들만 임금 올리나  서울대병원 보라매병원 파업 돌입,Social
조규홍   의대정원 증원      학년도 입시 반영 규모 협의 중  종합 ,Social
이스라엘 단기체류    명 귀국    무사해서 다행 ,Social
    억 떼였는데 소득 높다고 보상 없다  수원 전세사기 피해 삼성맨  울분 ,Social
 양평고속도로 사무처리 부적절   양평군민  경기도에 주민감사 청구,Social
광주 서구 억새축제  일간   만명 다녀가 도심 속 힐링축제로 자리매김,Social
재인폭포를  미디어파사드 로 가을밤 수놓는 빛의 향연,Social
  오염수 보고서  제출 누락 논란 질병청  숨긴 것 아냐  종합 ,Social
민주당   부실 인사 검증  책임론 부각 한동훈  기계적 자료 수집 ,Social
 프레스룸     이슈      아이   에 똥 묻어 가슴 아파 ,Social
한동훈  인사검증 부실 논란에  법무부는 자료 수집만 적격 여부 판단 안 해 ,Social
한동훈  이균용 검증 법무부가 했다  비상장주식 알았는지는 말 못해 ,Social
스토킹 신고 옛 애인 아들 살해한   대 남성   심도 징역   년,Social
한동훈  한국형 제시카법 도입방안 이달 중 공개 및 입법예고 ,Social
혹한 속 야산에 개   마리 유기한   대   심 집행유예,Social
초유의 사법부 수장 공백에 변협    일 대법원장 후보 추천할 것 ,Social
아프간 북서부 헤라트에서 또 규모     강진 두차례 여진도 종합 ,Social
김해중앙병원  사실상 전면 진료 중단,Social
 성범죄자들  치료감호 중에 음란물 돌려 봤다 관리감독 부실 ,Social
 프레스룸         스테이션  나경원  하태경 결정 비난한 홍준표 해당행위 ,Social
또 달라지는 대학입시 선택과목 없고 내신  등급제  친절한 뉴스  ,Social
 단독  시민단체  국회에 허위 출장비 내역 제출한 박범계 추가 고발,Social
 프레스룸                하마스  살해 인증숏 올렸다   오토바이 지나자 펑  명 중경상   피해 영상만    만 개      원 속 이순신 사라질까,Social
코인  억 빚 들통 이혼하자니  절반 책임지라 는 남편,Social
후임에게  겨털  먹인 해병대 예비역     만원 벌금형,Social
검찰     허위보도 의혹  김병욱 보좌관 언론사 압수수색 종합 보 ,Social
한글날 올림픽대로서 곡예운전자 체포  음주운전  의심되지만 처벌불가 왜 ,Social
한동훈  한국형 제시카법 이달 중에 입법예고 할 것 ,Social
이균용 낙마에 변협  대법원장 후보    명 추천할 것,Social
 뉴스  뉴스  흔들리는 공수처 이대로는 안 된다 ,Social
부산 기장군에 국내 최대 규모  반려동물 테마파크  조성,Social
 프레스룸     오 궁금 앵커브리핑  보선 본투표 한동훈 국감   사망      명 무사히 귀국   수능 강남 특목고에 유리 ,Social
 피가 뚝뚝  뇌사 상태 아내 두고 테니스 간 남편  유기죄 적용,Social
 자막뉴스  중고 거래 제품에   급 발암물질    충격적인 실태,Social
통장 하나로 저축 대출 경기도   경기청년 기회사다리금융 통장  출시,Social
한동훈  인사정보관리단  기계적 자료 수집만 판단 안 해 ,Social
  이영승 교사  사망 직전까지  제 의 학부모 민원 에 시달렸다,Social
광주시  보훈부 권고 불수용  정율성 사업 위법 사항 없어 ,Social
언론노조    지부  시민주주운동  와주라  참여  호소,Social
 대선 허위보도 의혹  김병욱 의원 보좌관   기자 압수수색,Social
모텔서 낳은 딸을 창밖으로 던진 엄마 구속 기로,Social
한강 한복판서 울려퍼진   오염수 해양투기 중단하라 ,Social
 음주운전 의심  몽골대사관 음주 측정 요구엔  면책특권 ,Social
몽골대사관 외교관 음주운전 적발  면책특권  주장하며 측정 거부,Social
 난폭   음주운전  몽골 외교관 적발 음주 측정 거부,Social
김승남      년산 쌀 목표가격    당   만원으로 상향해야 ,Social
 한국인은 밥심이다  조용익 부천시장  직영 구내식당서 배식하며 애로사항 경청,Social
    지분 매각에 소액주주운동 파열음 일으킬까,Social
피흘리는 아내 두고 운동하러 간 남편 유기죄 적용,Social
 킁킁  물냄새 맡더니 남한강 복판서 실종자 찾아냈다 수난탐지견 놀라운 활약,Social
    서거석 교육감 폭행 의혹  위증 혐의 이귀재 교수 자택 등 압수수색,Social
경기도  도내 청년 위한 금융상품  경기청년 기회사다리 출시 ,Social
최민호 시장  직원소통의 날 미래전략수도 세종 강조,Social
 음주운전 의심  주한 몽골대사관 외교관 적발 음주 측정 거부,Social
 안 뜨는 비행기 많아 남은 교포 걱정     명 인천 도착,Social
파업 첫날 경북대병원 큰 혼란 없었지만 어수선한 분위기,Social
광주시  보훈부 권고 불수용  정율성 사업 위법사항 없어 ,Social
 이 목소리입니다  피싱범   명 음성 공개,Social
 한빛원전    호기 수명연장 절차 졸속  대책 마련하라 ,Social
국가보훈부 광주시 샅바싸움 기념사업 중단 촉구    시정명령 수용 불가,Social
올림픽대로서 난폭 운전한 몽골 외교관 음주측정 요구에  면책특권 ,Social
  년 만에 변화 기로에 선 제주들불축제   오름 불놓기  더이상 볼 수 없다,Social
 대선 전 허위보도 의혹  민주당 보좌관 기자 압수수색,Social
경남경찰청  국고보조금  삥땅  친   명 검거   부정수급   억원 훌쩍,Social
서울대병원 노조  오늘부터 무기한 파업  인력 확충 등 요구,Social
강서구청장   시 투표율       시장 보궐선거 근접,Social
 현실판 더 글로리  표예림  극단적선택 전 경찰조사 앞둬,Social
    보궐이사에 이동욱 전 월간조선 기자,Social
경북대 서울대병원  무기한 파업 돌입  인력확충 임금인상 요구 ,Social
검찰  윤석열 명예훼손 사건 민주당 보좌관 등 압수수색,Social
혐오표현  검열만큼은 안 된다 표현의 자유로 맞서야,Social
대법  부마항쟁 보상금 받았어도  정신적 손해 위자료 받을 수 있어 ,Social
광주광역시  보훈부의 정율성사업 중단 권고 불수용 ,Social
변협  대법원장 후보   일 공개 추천  오석준 이종석 홍승면 포함될 듯,Social
호남 유권자         새 얼굴 뽑겠다   총선 물갈이 여론 가장 높아 ,Social
 아빠 누군지 몰라  모텔서 딸 던진   대  모습 드러냈다,Social
무단횡단 행인 사망사고 운전자들 무죄 법원  과실 증명 안돼 ,Social
김영훈 대한변협회장  대법원장 후보자 공개추천할 것 ,Social
학폭 피해 폭로 유튜버 표예림씨  극단적 선택 전 고소 당해,Social
이스라엘서    명 귀국  훈련인 줄 알았다 ,Social
 표예림 죽음 내몬 장본인 있다  지목된 유튜버  잘못 전혀 없어 ,Social
공인받지 못한 세월호 진상규명  언론 탓 컸다,Social
수원 전세사기 삼성맨     억 떼였는데 소득 높아 보상 없답니다  투덜,Social
 강서구청장 보궐선거   미니 총선        이른 아침부터 한 표 행사,Social
 귀신나올법한 폐허 모텔 에 예술이 들어섰다,Social
출입카드 기록만으로 연장근로수당 지급하라고요 ,Social
서울에서 벌어진 공무집행 방해    은  술 마시고  강간  살인은    ,Social
 직원 명단 공개하라  판결에 항소한 대통령실    의심 짙어진다  그 정보가 알고 싶다 ,Social
 단독  뺑소니 사망사고  오리발    대   완벽한 증거에  사람인줄 몰랐다 ,Social
무자비한 정부     잔인한 시대 가 또 시작되었구나  소셜 코리아 ,Social
퇴근후 휴대폰으로 산업안전교육 시청  공식 근로시간일까,Social
인권위  구직등록 착오 외국인 강제출국  인권침해 ,Social
 이시각헤드라인    월   일 뉴스센터  ,Social
믹솔로지 열풍에 여름 한정판 카스 레몬도    만 캔    카스  위 수성엔 이유가 있다              ,Social
경기도 청년 위한  기회사다리통장  출시 저축 대출 한통장으로 해결,Social
변협  대법원장 후보 공개 추천 재개   일    명 발표 ,Social
현 중  대상 대입 개편에 고교 입시 앞둔 중 도  고심 ,Social
   오염수 너희가 먹어라  국민의힘 고양시의원  행사 중 폭행당해,Social
경총  월급보다 많이 받는 실업급여 재취업 의지 떨어뜨려 ,Social
 외국인 근로자 과실 없이 체류자격 불허는 인권 침해 ,Social
검찰  대선 허위보도 의혹   김병욱 보좌관 기자 압수수색 종합 ,Social
 동연쓰 로 부르고 반말하고  경기지사  청년과  스레드  소통 눈길,Social
 돈봉투건 소환  다급했나  송영길  이번엔 검찰청 농성,Social
 단독  권순일 화천대유 고문 당시 운전기사도 제공했다 ,Social
맹활약  수난탐지견  남한강서 실종된   대 남성   파도 규리 가 찾았다,Social
 노조활동  핑계로 출근 안하고 월급만 받아간 서울교통공사 노조간부들   결국 직위해제,Social
인천 고속도로 건설 물량     년까지   조 달해,Social
시가   억원 상당 담배   만갑 합판 속에 숨겨 밀수출하려던 일당 적발,Social
한동훈  성범죄자 주거 제한  한국형 제시카법 이달 입법예고 ,Social
감사원  한국가스공사  휴가 받으러 시간 외 허위 입력   해외 출장비도 과다 지출 ,Social
남한강서 실종된   대 수난탐지견  파도 규리 가 찾았다,Social
화력발전소   곳 중  곳 대기오염 측정 결과는  허위      국정감사 ,Social
 차 빼달라  점주 요청에 편의점 입구 막고  보복주차  대체 왜  여 저  ,Social
 호주서 팔면  배  합판에 담배   만 갑 숨겨 밀수출 시도한 일당,Social
 영상   담뱃값 가장 비싼  호주로 담배 밀수출 시도한 일당 붙잡혀,Social
특수제작 합판에 숨겨 영국산 담배 호주 밀수출    담배 밀수왕 의 최후,Social
김영훈 대한변협 회장  대법원장 후보자    일 공개 추천할 것 ,Social
천장 뜯자 고인 물  콸콸    년 된 정부서울청사 누수,Social
서울대병원 노조 무기한 파업 돌입  진료에 큰 차질은 없어,Social
 분 늦었는데 학생 뺨 때리고 목 조른 교사  분리조치 도 없었다,Social
 너클  끼고  조폭저격 유튜버 폭행  알고보니 안양 조폭 새 조직원,Social
모든 수험생이 같은 과목으로 수능 시험      학년도 대입 개편안 ,Social
접근 금지에도 전 여친에   일간    회 문자     번 찾아간 스토커,Social
 민원처리 불만  공무원에 흉기 휘두른   대  심서 더 무거운 형 구형,Social
스토킹 신고   아들 살해한   대 항소심도 징역   년,Social
검찰     허위보도 관여 의혹  김병욱 의원 보좌관 압수수색 종합 ,Social
   금리 급등 원화약세 에  월 광주 전남 주식거래대금  급감 ,Social
 단독   무차별 범죄에 효과    용도폐기하더니 기동순찰대 부활 ,Social
 표예림  사망 전 스토킹 피해 언급 지목 유튜버  거짓 ,Social
수원서 대규모  전세사기 의혹  발생 이재준 시장  피해자 지원 올인,Social
 음주운전 의심    대 몽골 외교관  음주 측정 거부,Social
 음료 들고 타면 안 돼요  저지하자 길바닥에  퍽  내동댕이,Social
이스라엘 단기체류    명 귀국    현지 공항엔 출국 행렬 ,Social
 광주 수도요금 왜 두 번 빠져나가    대규모 환불사태 이어질 듯,Social
 앵커리포트  보이스피싱범 목소리 추가 공개 피해 막으려면,Social
 뉴스         호국영웅 끝까지 찾는다    보병사단  의왕 모락산      전사자 유해발굴,Social
중앙정보부 욕했다고 물고문    법원  형사보상 더해 위자료도 줘야 ,Social
신생아 창밖 버린   대 구속심사 질문엔  침묵   포착 ,Social
체감온도 영하   도인데 산에 개   마리 버린 남성 실형,Social
지난해 신축 아파트   곳   급 발암물질  라돈  권고치 훌쩍,Social
 단독 한 번 발급에  만원    의료기관    는        무료 공유 시스템 미가입 국감     ,Social
  분 지각 으로 학생 목 조르고 뺨 때린 교사  학폭위에도  분리조치  없었다,Social
대출이자는 싸게  저축이자는 비싸게   경기도  청년기회사다리 통장 출시,Social
송기헌 의원  극장 철거 충돌 우려 시민과의 대화에 나서 달라 ,Social
조규홍  의대 정원      학년도 증원 준비 규모는 협의 중 ,Social
킥보드 여고생 살리려 트럭 뒤집혔는데 그대로 떠나다  덜미 ,Social
    새기자회  방송 재허가  취소  위기에도 손 놓고 있는 회사 ,Social
추석 연휴 제주 찾은 중국관광객들 면세점에서 돈 안썼다,Social
남한강서 실종된   대 남성  수난탐지견  파도   규리 가 찾았다,Social
송영길   개월간    번 넘게 압수수색하고 소환조사도 못해 ,Social
기존 제품을 새 개발품으로 둔갑 보조금 부정 수급,Social
    대선 허위보도  의혹  김병욱 보좌관 집 등 압수수색,Social
모텔서 딸 낳고 창밖으로 던진 엄마 법원 출석 질문엔 묵묵부답,Social
한동훈  한국형 제시카법 도입 방안 이달 중 발표 입법 예고 ,Social
    을  광주사태 라 한 월간조선 기자      보궐이사로 추천,Social
학폭피해 폭로 유튜버 표예림씨  극단적 선택 전 경찰조사 앞둬,Social
읍사무소 찾아가 흉기 휘두른   대  항소심서도 징역  년 구형,Social
대입 개편에  물 만난  강남 학원가 긴급 입시설명회 잇따라,Social
전남 담양서 실종된   대 퇴직 공무원  사흘 만에 숨진 채 발견  종합 ,Social
담뱃값  배 비싼 호주로   만 갑 밀수출 시도 합판 속에 숨겨,Social
담뱃값 가장 비싼 호주로   억원어치 밀수출,Social
영하   도 엄동설한 수락산에 개   마리 버린   대의 형량,Social
유튜버 궤도  공공기관 재직 중 영리활동 감사원  정직처분 통보,Social
 대선 개입  허위보도 추가 포착 김병욱 의원 보좌관 압수수색,Social
 겨드랑이털 먹어라  해병대 후임병에 가혹행위   대 벌금형,Social
 경기청년 기회사다리금융 통장    일 출시 저축 대출 하나로,Social
 단독  교도소 구치소 수용인원 줄었는데  내부 범죄는 더 늘었다,Social
한동훈  국민 불안 해소 위한  제시카법  이달 중 입법 예고 ,Social
      국감 한동훈  한국형 제시카법 도입방안  이달 입법예고 ,Social
    대선여론조작 의혹  민주 김병욱 의원 보좌관 보도매체 압수수색,Social
최재훈 달성군수  신공항 건설 지역 이기주의에 매몰돼 표류해선 안 돼 ,Social
담양서 실종된 퇴직 공무원 숨진 채 발견,Social
헤어진 연인 폭행 말리던  살 살해한   대  납치 강간 시도까지,Social
 난폭운전  몽골대사관 외교관 적발 음주측정엔  면책특권 ,Social
 오염수로 수산물 소비 위축 없었다 지만    횟집은 타격,Social
 재수하면 어떡하나  대입 개편에 중 도 고민 크다,Social
새벽에 음주운전하다 손수레 끌던 행인 치어 숨지게 한   대,Social
탕후루 국감장 등장 예정  단맛 중독성  니코틴과 비슷 ,Social
 가상화폐 투자  미끼   억대 사기 행각   대 구속,Social
내일 고  전국연합학력평가 시행  대구에선 고   만 천   명 응시 ,Social
대한비만학회  탕후루에 열광하는 이유  담배 마약 중독과 비슷 ,Social
 특별한 일 아니고 당연해  군인 위한 가게 또 있었다,Social
주식으로  억 빚진 남편 이혼 요구에  빚도 분할  황당,Social
 구미시대  기업이 뛴다  세계 점유율  위  영도벨벳  산업용 첨단 소재기업으로 변신,Social
세계 최고 비싼 호주 담배   만여갑 밀수 시도 일당 검거,Social
     대  출신 강사 보유하면 가산점    인권위  학벌 차별 ,Social
서울대병원 무기한 파업 돌입  천여 명 참여  의료대란은 없어 ,Social
편의점보다 건설업체가 더 많은 나라,Social
복지장관  공공의대 설립  검토는 하겠지만 신중할 필요 있어 ,Social
임영웅  또 선행 가왕전 상금 소아암 치료비로 기부,Social
 단독  제 인물을 최재경 통화로 조작   대선 허위보도  보좌관 압색,Social
유산 사산 휴가 잘 지킨 사업장   년간 위반 고작  건,Social
  대  스토킹 신고 여성과  세 아들 살해해 징역   년,Social
  분 지각  이유로 교사가 학생 목 조르고 폭행,Social
스토킹 신고에 앙심 전 연인  살 아들 살해   대   심도 징역   년,Social
불법체류 외국인 단속하다 다친 공무원    배 넘게  급증,Social
팍팍한 삶에 뚜벅이족 선택  운전면허 안 따는 청년 늘어,Social
 단독  우울증 진단받았던 군산 자살 교사  학교 조사서엔 직업성 질병  확인불가 ,Social
  년 된 어린이집 무너졌는데   년 된 노후 어린이집     개,Social
사장님만 보이게 남긴 리뷰  환불은 괜찮다   아살세 ,Social
 줄줄 새는 국고보조금   경남경찰  부정수급 공무원 등 대거 적발,Social
경북대병원 노조 총파업에    여명 참여 의료공백은 없어,Social
 일본 오염수  너희나  먹어  국힘 고양시의원  행사 중 폭행당해,Social
접근금지 어기고  전 연인    차례 스토킹   대 구속,Social
서울교통공사  무단결근 노조간부 직위해제  노조 전수조사,Social
전남교육청  목포 초교 아동학대 신고 교육감 의견서 제출 검토,Social
 나는 솔로  영숙    옥순 불화 생중계     대화 폭로까지,Social
흡연 관련 질병 앓는 여성 청소년   년 새  배로 급증,Social
 성희롱 사과하라 는  동료 말에 책으로 머리 때린   대 교도관,Social
서울대병원분회  의료 필수 인력 확충하라 무기한 총파업 돌입 ,Social
모텔서 낳은 딸 창밖으로 던지고  죽을 줄 몰랐다 는   대 ,Social
지하철      호선 노후 전동차    칸  새 전동차로 바뀐다,Social
인천서 음주운전하다 행인 치어 숨지게 한   대 조사,Social
 토크와이드  수술실      의무화   실효성은   의문 ,Social
피 흘리는 아내 두고 테니스 치러 간 남편 송치 유기죄만 적용,Social
  분지각  이유로 교사가 학생 뺨 때리고 폭행  분리조치  없어,Social
아내 몰래 가상화폐로  억원 빚진 남편  이혼 요구에  빚도 나눠야 ,Social
             관동대학살 기록 없단 건 거짓말  일본 정부에 일침 날린 일본 영화감독,Social
고속도로 커브길서   톤 화물차 넘어져 운전자 사망,Social
유치원에서 뭘하길래 교습비가 평균    만원  월급 맞먹는다,Social
 부산항 입항 일본 활어차  방사능 검사  대 중  대꼴 ,Social
담양서 실종된   대 퇴직 공무원  사흘 만에 숨진 채 발견,Social
술 담배 대신 사다 준 남성 여고생엔  신던 스타킹으로 거래 가능 ,Social
안성 물류센터 신축 현장서   대 작업자    아래로 추락 숨져,Social
쓰러진 아내 두고 테니스 치러 간 남편 유기죄로 송치,Social
서울대병원 노조 파업 첫날 파업 장기화시 환자 불편 우려,Social
피 흘리는 아내 두고 테니스 치러 간 남편  엮이기 싫어 그냥 뒀다 ,Social
 술 담배 주세요  여고생 요구에   대   신던 스타킹 양말 달라 ,Social
최근  년간    활어차  만     대 중 방사능 검사율 고작    ,Social
 낙태해서 죽은 줄 알았다   장애아 살해 유기  가족  혐의  전면 부인 ,Social
 보궐선거  강서구청장 오전   시 투표율      직전 지선보다 낮아,Social
방심위 인터넷 언론 첫 심의는 뉴스타파 의견진술 결정,Social
한겨울 산에 개   마리 버린   대 집유,Social
 외모 불량하니 불합격 처리해  특성화고 교장 검찰 송치,Social
 개 전제조건   광주신세계 확장 여부 가른다,Social
    대선 허위 보도 의혹  김병욱 민주당 의원 보좌관 압수수색,Social
검찰   대선 허위보도  추가 포착     보좌관 온라인 매체 압수수색,Social
 스토킹 신고했다고  전 여친  살 아들 살해한   대  심서도   년,Social
 수의사 남친에 임신 사실 알렸더니  유부남이랍니다 ,Social
    대선 허위보도 의혹  민주당 김병욱 보좌관 압수수색,Social
 마른하늘에 물이 우수수  정부서울청사 천장 누수,Social
 신발 바퀴 보면 범인 찾아낸다  경찰 감정관 자격제도에 해경도 참여,Social
 표예림 가해자  인 얼굴 실명 폭로 촉법나이트  지옥 보내겠다 ,Social
  조폭   조폭 저격  유튜버 너클끼고 폭행  코뼈 부러뜨렸다,Social
검찰  민주당 의원 보좌관 사무실 압수수색,Social
피 흘리며 쓰러진 아내 두고 운동 간 남편  검찰 송치,Social
 음료 들고 못 타요  버스기사 말에 길바닥  내동댕이 ,Social
인천 고속도로    조  시장 열려 허종식 의원  지역업체 참여 높여야 ,Social
후쿠시마 인근  개현 일본활어차 올해만 한국서     여  해수 방류,Social
유아 대상 영어학원 교습비 한달    만원  대구는  년 새   만원 ,Social
가평 잣향기 푸른숲 등 경기도  개 숲     대 명품숲  선정,Social
    통계조작 반대   정부 당시 통계청 실무자 참고인 조사,Social
한동훈  법무부 국감 출석  정의 상식의 법치 실현 노력      국감 ,Social
미군 유해를 향한 여인의 불가사의한 집념  본헌터  ,Social
질병청장  코로나 위기단계  경계   주의  하향 시점 연내 결정 ,Social
얘들아 어디 있니           년 출생아     명  소재 불명 ,Social
     미스코리아 진 최채원  글로벌 여성 리더 꿈꿔요 ,Social
 대선 허위보도  추가 의혹  김병욱 보좌관 기자 압수수색,Social
검찰     대장동 브로커 조우형 봐줬다  보도 리포액트 김병욱 보좌관 압수수색,Social
아침바다 해무 노을 야경 목포해상케이블카 하루  번  비경 ,Social
배우 김민종  국정감사 증인 채택    팝 사업 특혜 의혹  관련,Social
청소년에게 술 담배 사주고 스타킹 달라는 못된 어른,Social
검찰  허재현 기자 김병욱 의원 보좌관 압수수색     또다른 녹취록  수사 확대,Social
주유소 직원이  휘발유  잘못 넣었는데 차주도  과실    여 저  ,Social
보훈부  광주시에  정율성 기념사업 중단 흉상 철거  권고,Social
백령도 해상서 중국어선  척 나포     침범해 꽃게 등 불법 어획,Social
지난  년간 자살률  코로나   사망자 웃돈다,Social
남양주 화도 수동 빨라진다   개 도로 건설 추진 중,Social
대학만 보고 질주하는 영재학교엔  조기입학 어린 영재 설 자리가 없다,Social
지난  년간  만명 목숨 끊어 코로나   사망자보다 많았다,Social
 장애 영아 살해  혐의 친부모 혐의 부인  낙태한 것 ,Social
철문 닫고 도주한 중국어선 해경  절단기 동원해 나포,Social
 일본 오염수 너희나 먹어라  국힘 고양시의원 행사 중 폭행당해,Social
검찰   대선개입 여론조작  의혹 김병욱 의원 보좌관 압수수색,Social
광주 수도요금 이중수납  대혼란  상수도본부    일까지 환불 종합 ,Social
검찰  민주당 김병욱 의원 보좌관 인터넷매체 기자 압수수색,Social
작년 신축 아파트   곳서 발암물질  라돈  권고치 이상 나와,Social
장관도 찾은 알바생 찾았다  군인은 감사한 존재  자부심 가지세요 ,Social
여자화장실 비데에  몰카    엽기적 불법찰영  붙잡혀도    가  불구속 ,Social
헤어진 연인 보복 시도 말리던  세 아들 살해한   대 항소심 중형,Social
   월   일 수  오늘  서울시  전국 최초 어린이집 실내공기 환기지수 개발,Social
용인 장애아 살해 후 유기한 친부모 외조모 살인 혐의 부인,Social
 음료 들고 못타요  버스기사 할 말 했더니 길바닥에  퍽  내던진 남성,Social
부산에 국내 최대 반려동물 테마파크 들어선다,Social
출근길 옛 애인 밀고들어가 아들 살해   심도 징역   년,Social
제주들불축제      없이 열기로      년 이어온 새별오름 불 놓기 폐지,Social
 날 스토킹 신고해  전 애인 아들 살해한   대 항소심도 징역   년,Social
모텔 창밖으로 던져진 신생아 부검  간 파열에 복강 출혈,Social
    진천이월 임대주택 입주자 추가모집  소득 재산요건 배제 ,Social
 도박에 수천만원 잃고 앙심  이웃  명 살상한 중국인 무기징역 선고,Social
 잘 지내   헤어진 여친에 이런 문자    건   대 집착 의 최후,Social
 고령 장기리 암각화 만 쏙 뺀 유네스코 세계유산 등재 주민 등 반발,Social
불 안 놓는  제주 들불 축제   새 콘텐츠 개발 나서기로,Social
여고생 탄  킥보드  피하려다 전복된 트럭 학생은 그냥 갔다  아차  ,Social
 직원을 못 믿지  시장과  업무에 손 놓은  직원들,Social
경북대병원 노조 무기한 파업  필수인력 충원 대리처방 근절 ,Social
원희룡  남부내륙철도 적정성 재검토는 사업 자체 재검토 아냐 ,Social
 낙태해서 죽은 줄 알았다   장애아 살해 유기  부부 외조모  혐의부인 ,Social
합판에 담배 숨겨 담뱃값 가장 비싼 호주로 밀수출 시도,Social
돈 벌려고 분양받은 개   마리  영하   도에 산에 버려,Social
세종 종촌동서  가재마을 가족놀이터  화합의장,Social
 양평군  양평고속  사무처리 부적절  경기도에 주민감사 청구,Social
천안고용지청  장기 임금체불 천안지역 건설업자 송치,Social
 특집  윤석열 정권은 왜 뉴스타파를 죽이려 드는가    부  역린 을 건드리다,Social
 자막뉴스  여기를 들어가려면   세 고시  통과해야,Social
이스라엘서 급거 귀국한 국민들  돌아왔다  안도 종합 ,Social
술 담배 대신 사 준다면서 여고생에 스타킹 요구한   대,Social
남녀노소 인생 한방 청소년 도박 중독자  년새  배,Social
경북대병원 노조   일 파업 돌입  필수 인력 제외 ,Social
요즘 대학 근황   우리 애 공부해야   자녀 대신 전화하는 부모들,Social
신생아 친딸 창문 밖으로 내던져 살해한 혐의   대 친모 구속 갈림길,Social
 냅다 팽개쳤다   버스기사 음료 제지하자 승객  만행 ,Social
떼로 몰려나와 빙글빙글 한글날도 설친 폭주족  눈살 ,Social
합판 뜯고 세관직원도 놀랐다 담배   만갑 밀수출,Social
 통장에서 두 번 빠져나갔네  광주 수도요금 이중 수납  대혼란 ,Social
검찰  허위보도 관여 의혹  김병욱 의원 보좌관 압수수색,Social
 대선 전 여론조작  수사 검찰  김병욱 민주당 의원 보좌관 압수수색,Social
하동 코스모스 메밀꽃 축제에 유료 입장객만  만 천명 다녀가,Social
전남교육청 무분별한 아동학대 신고에 교권보호 적극 대응,Social
  호선도 기관사 없이     대구 도시철도  호선      년부터 무인 운전시스템 도입,Social
가평군  자라섬 가을 꽃 축제  일주일간 연장 운영,Social
 조직폭력배 저격  유튜버 폭행한 일당  안양지역 조폭으로 확인돼,Social
광주서    와 오토바이 충돌사고 오토바이 운전자 숨져,Social
서산 상가 폭발사고   대 위중 극단선택 시도 가능성도 수사,Social
검찰  허위 인터뷰 의혹   김병욱 보좌관 압수수색,Social
접근 금지 어기고 헤어진 연인    차례 찾아간   대 구속,Social
연휴에 서울 상경해 중학생 향해 흉기   대 구속 송치,Social
중국   도 한국의 이곳에 오면 지갑 확 여네 카드 결제       늘어,Social
  표예림 유서 속 유튜버  입장 공개  법적 공방에 위기감 느낀 듯 잘못 없다 ,Social
 조폭 저격  유튜버 폭행한 일당 정체 안양지역 신규 조직원으로 확인,Social
    보궐이사에  광주사태  이동욱 전 월간조선 기자,Social
피 흘리는 아내 두고 테니스 치러 간 남편  유기죄만 적용 왜 ,Social
서울대병원 노조  파업 돌입  응급실 중환자실은 유지 ,Social
군인에게  감사합니다  컵메모 카페 직원  자부심 가지시라 ,Social
     세 할머니   최고령 스카이다이버  등극  일 만에 영면,Social
 단독  복지부  의대 정원 연  천명 늘려도     와 격차 커 ,Social
울산시  전세보증금반환  보증료  최대   만 원 지원,Social
 소문 폭로한다  연예인 협박해 수억 뜯은 김용호 구속여부   일 결정,Social
결별한 여성 여덟살 난 아들 살해한   대   심서도 징역   년,Social
제주들불축제에서  불  사라진다   년만에 사실상 폐지,Social
 원사이드하게   줘  재해구호협회의 잇단  채용비리  의혹  희망브리지  ,Social
 왜 전화 안 받아   이혼 요구한 아내 집에 화염병 던진 남편 집유,Social
이별한 여친에  잘 있니  문자    회  직장    차례 찾아간   대,Social
 경기도 어른신들  인플루엔자 접종 무료로 받으세요 ,Social
급발진 의심 사고   년 간    건    페달 블랙박스 의무화 언제하나 ,Social
유튜브로 수억 수익  겸직 금지 위반 콘텐츠 신경 쓰느라 몰랐다 ,Social
법무부   한국형 제시카법  도입 본격화 이달 내 입법예고,Social
  보  검찰  대선 허위보도 의혹   김병욱 보좌관 압수수색,Social
스토킹 신고 여성  세 아들 살해한   대 항소심도 징역   년,Social
대웅제약   임팩타민 시그니처  출시  뇌까지 피로케어 ,Social
서울교통공사  무단결근 노조간부 직위해제  노조 전수조사,Social
경북대병원 노조  무기한 전면파업 돌입 노사협상  결렬 ,Social
 임영웅 표 양도  민증까지 보여주더니  천만원  꿀꺽 ,Social
우리나라 사람이 베트남에서 범죄를 저지른다면 ,Social
상반기 바이오 벤처투자 여전히 냉기 전년대비 반토막,Social
 통장에서 두 번 빠져나갔네  광주 수도요금 이중수납  대혼란 ,Social
시가    억원 상당 담배 밀수범  지명수배 중 부산서 또다시 범행,Social
인천 송도 연세대 국제캠퍼스에 양자컴퓨팅 클러스터 구축 추진,Social
구금 중에도 음란물 못 끊는 성범죄자들     밀반입,Social
경기도  옛 경기도청사서 수원시 전세피해자 대상 현장 설명회,Social
 르포  지방균형발전 계기로   막바지 총력전  부산은 기대로 들썩                     ,Social
폐기물 공장에서 지게차 다리에 치여     대 여성 숨져,Social
박형준 부산시장      회원국 지지 상당수 확보 반드시 된다                      ,Social
 저 여고생인데  술 담배 사 주세요   그럼 너 스타킹 줘 ,Social
 아빠가 중요부위 만졌어요    세 딸의 수상한 진술,Social
 성희롱 발언 사과  요구에  교도관 폭행  교도관 벌금    만원,Social
모텔서 딸 낳고 창밖 던진 비정한    질문세례에 침묵만 구속 기로,Social
이스라엘 귀국자들  현지인들  집에서도 안 나와 적막   남은 교포 걱정 ,Social
술 마시다가 잠든 주점 여종업원 추행 위협한   대 구속,Social
담양서 실종된   대 퇴직 공무원  일 만에 심정지 상태로 발견,Social
하이패스 오류로  통행료 이중부과  늘어   환불 안 되기도,Social
    대선 허위보도 관여  민주당 김병욱 의원 보좌관 압수수색,Social
경기도  수원 전세사기 의혹  피해자 대상 지원책 설명회 연다,Social
 수원 전세사기 의혹  피해 신고    건 하루 새   건 늘어,Social
치료감호 중에 음란물 돌려본 성범죄자들  관리감독 부실 ,Social
안성 물류센터 신축 현장서   대 작업자    아래로 추락사,Social
 속보 검찰   대선 직전 허위보도  김병욱 의원 보좌관 기자 압수수색,Social
 속보  검찰   대선 허위보도 관여 의혹  김병욱 의원 보좌관 압수수색,Social
수입금지 후쿠시마 인근  개현 등록 일본활어차 작년    회 반입,Social
 친일파 들   오염수 다  먹어라    시의원  괴한에 폭행당해,Social
모텔서 낳은 아기 창밖으로 던진   대  모습 드러내,Social
 당신을 기억합니다     총리부터 배우 가수까지 무한대로 퍼지는  기억해챌린지,Social
 죽을 줄 몰랐다  모텔서 낳은 딸  층 창밖으로 던진 엄마  법원 출석,Social
 데이트폭력 당하면  흐느껴야  한다    피해자다움   뭐길래 ,Social
담양서 실종 퇴직공무원  심정지 상태로 발견 종합 ,Social
 우린 잘못 없다   표예림 법적공방 유튜버의 변,Social
    대선 허위보도 관여    김병욱 의원 보좌관 압수수색,Social
담뱃값  배 비싼 호주로   만갑 밀수출 시도 합판 속에 숨겨,Social
안성 물류센터 신축 현장서    건설 협력업체   대 노동자 추락사,Social
이병도 그림자 드리운  전라도 천년사    시민사회  당장 폐기되어야 ,Social
경기도  개 숲  대한민국    대 명품숲  선정,Social
 나라 지켜줘 감사  군인 감동시킨 직원  장관도 찾아 나서,Social
 진주에 스타들이 뜬다  코리아드라마페스티벌   일 개막,Social
 출근 전 왔어요  직장인들로 붐빈 강서구청장 투표소,Social
 조금이라도 효도 할 수 있게   여자   명 죽이겠다  협박 글 쓴   대 선처 호소,Social
마트 화재로 고시원 주민   명 새벽 대피 소동,Social
 나랏돈은 눈먼 돈   경남서 국고보조금 부정수급 성행,Social
모텔 공유기에 몰카  셀카봉으로 옆방 촬영까지 불법 촬영은 여전히 증가세,Social
만취 귀가 꾸짖은 어머니 살해한 대학생 아들    오늘 첫 재판,Social
   분 뉴스정복  한동훈 고집에 론스타 배상금     억까지 갈 수도,Social
박용호 전 마산지청장        국토 대종주  화제,Social
검찰   대선 허위보도 의혹  김병욱 의원 보좌관 기자 압수수색,Social
 속보  검찰  대선 허위보도 의혹  김병욱 의원 보좌관 압수수색,Social
 항공기 납치될까 걱정했다  국민    명 인천땅 밟는 순간,Social
 신던 스타킹 주면 담배 사줄게  여고생에 접근한 검은 그림자,Social
불법의료  간호사 대리처방  경북대병원   무기한 전면파업,Social
제주 유치원 지하서 화재 교사 원아   여명 대피,Social
느낌 쎄한데     베테랑 형사  직감으로 투신 막았다,Social
청송 주왕산서   대 남성 추락사 실족사 추정,Social
         년생  임시번호 아동   천   명 소재 불명,Social
자택 화장실서 대마 기른   대 여성  억 상당 마약까지 운반,Social
대선 앞두고  이재명 조폭연루설  주장  박철민에 징역  년 구형,Social
딸 쇼핑백에 담아 창밖 던진 엄마 묵묵부답,Social
 버스에 음료 들고 못 타요  거부당하자 길바닥 내동댕이,Social
 무사히 돌아왔구나  이스라엘 단기체류 국민    명 귀국,Social
현대건설 공사현장서   대 근로자 추락해 숨져,Social
방통위      보궐이사에 이동욱 전 월간조선 기자 추천,Social
 난 잘못없다  표예림이 지목한  스토킹 유튜버  입장 표명,Social
피 흘리는 아내 두고 테니스 치러 간 남편 유기죄만 적용,Social
올해 서울  아리수  일평균    만톤 생산 최대    만톤까지,Social
마약 청정국 옛말    외국인 마약 범죄   년 동안    배 ,Social
아내 몰래 코인으로  억 빚진 남편  이혼 요구하자  절반은 네가 갚아 ,Social
 과학 유튜버  궤도는  겸직 금지  위반 기욤은  사기 의혹   이슈  ,Social
 연예인이 마약한다  신고하더니 순찰차  대 부수고 도망간   대 왜 ,Social
단골손님 치마 속 엿본 마트업주  불법 촬영  들키자 휴대폰 부쉈다,Social
하태경 마포을 출마설 여당  정청래 안민석에 자객 공천을 ,Social
성매매 단속하며 인권침해 했던 경찰  성매매 단속 지침  만든다  플랫 ,Social
모텔서 갓 낳은 딸 쇼핑백 담아 창밖 던진 엄마  죽을 줄 몰랐다 ,Social
조규홍 장관  약자 복지에 최선 국민연금 언급       국감 ,Social
모텔서 갓 낳은 딸 쇼핑백에 담아 창밖 던진 엄마 법원 출석  묵묵부답 ,Social
  낙승이냐    역전이냐 오늘 밤 희비 갈린다,Social
영어유치원 학비 월    만원 전국  만명 다닌다,Social
완연한 가을  일교차 커  감기 조심하세요 ,Social
 길바닥에 내동댕이  음료 들고 버스 탑승 거부당한    행패 ,Social
  세 고시  합격 위해 영어유치원에 월평균    만원,Social
인천  고속도로   조 시장 열린다,Social
 인천서 여성   명 살해  협박글 올린   대  효도할 수 있게 선처 부탁 ,Social
법원행정처장에게 정진석 실형 선고한 박병곤 판사의 특정 정치성향     활동 물으니          국감 ,Social
이스라엘에서 돌아온 우리 국민    명 안도의 한숨,Social
 단독  가짜 의사 가 대리 건강검진 부당 청구된 검진비만  년간    억원,Social
세종 영어유치원 교습비 월    만원 전국 최고 전국 평균은    만원,Social
 올해 국가유산 재난피해 절반은 예산 문제로 복구 못 해 ,Social
경북대병원 노조  년 만에 무기한 파업 돌입,Social
안성 신축공사 현장서 작업자  명    추락해 숨져,Social
과학 유튜버  궤도   공공기관 겸직 금지 위반  규정 잘 몰랐다 ,Social
 보궐선거  강서구청장 오전   시 투표율      직전 지선보다 낮아,Social
한국   년간 몰카만  만 천여건 비데에 달고 셀카봉으로 촬영,Social
모텔서 아이낳고 창밖으로 던진 엄마  법원 출석 묵묵부답,Social
   대 치매 노인 실종  경보 문자 그냥 지나치지 않은 택시기사,Social
 영상  제주 유치원서 화재   원아 등 수십 명 긴급 대피,Social
 나라 지켜줘서 감사    말년 병장 감동시킨  카페 알바생  찾았다,Social
 외모 불량해 불합격  특성화고 교장이 입시 조작  검찰 송치,Social
  표예림 유서 속 유튜버  난 잘못 없다 ,Social
  억 쓰고   억 벌었다   전남 고향사랑기부제  성과 ,Social
지하차도 입구서    와 충돌한 오토바이 운전자 숨져,Social
  번째 미스코리아   최채원  할리우드 합류한   살 미술 유학생,Social
부산 기장에 국내 최대규모 반려동물 테마파크 조성,Social
 나라 지켜줘 감사  장관도 감동 알바생 찾았다  제가 조명받아 죄송 ,Social
 조폭 저격  유튜버 결국 조폭에 보복 당했다,Social
  만   용인 반도체 협력 산단  본궤도,Social
구급차서 여성 성추행 불법 촬영 혐의 소방관 불구속 송치,Social
지난  년간 자살사망자  만  천여 명 코로나   사망자보다 많아,Social
군인 감동시킨 알바생 찾았다  조명받는 게 죄송 ,Social
안성 물류센터 현장서 작업하던   대 추락사,Social
이원택 의원  새만금 내부개발 예산     삭감  정부 정치 보복 ,Social
피크닉의 계절   인 배달용기 연간     개  재활용은 절반도 안돼  김예윤의 위기의 푸른 점 ,Social
공설 자연장지 봉안시설 전무    남양주엔  묻힐 곳 이 없다,Social
건보 지역가입자 보험료 재산비중         소득없는 은퇴자 어쩌나 ,Social
모텔서 낳은 딸을 쇼핑백 담아 창밖 던진 엄마 법원 출석,Social
이동관  공영방송 민영화  못 건드릴 금자탑 아냐     놀면서 연봉  억 원  국민 납득하겠나   미디어 브리핑 ,Social
보령서 신호등 없는 횡단보도 건너던   대 여성 차에 치여 숨져,Social
담양군에서 퇴직공무원 실종 신고 접수   경찰 수색,Social
전국 신생아 집중치료실 전공의  년새 반토막   곳은  명,Social
비만학회 부회장  탕후루 단맛  뇌가 좋아할 수밖에 ,Social
 오염수 너희가 다  먹어라  국힘 여성 시의원  시민에 폭행당해,Social
단골손님 치마 속 불법촬영 마트 주인 들키자 휴대폰 파손,Social
안성 물류센터 공사장서   대 작업자 추락사,Social
위니아 법정관리 신청 광주 전남    여 협력사 줄도산 위기,Social
청주 모 초교 학부모들 등굣길 피켓시위,Social
 결혼  년만에 남편 빚  억 이혼하자니  빚 분할  하잡니다 ,Social
연예인 상대로 수억원 뜯어낸 김용호    일 구속 심사,Social
접근금지에도  연인에    회 문자 보내고 찾아간   대 구속,Social
청주시의회   대 정책지원관  성범죄 연루 직위해제,Social
경기도  전세사기 현장 설명회   일   일 연다,Social
 오염수 너희가 먹어라  국힘 고양시의원  괴한에 폭행 당했다,Social
벌금내고 두달 후 식당서 또  강제추행    대  이번엔 철창행,Social
전남도   군 공항 이전  무안 함평에  양 갈래 당근책 ,Social
 외모 불량하니 불합격시켜라    특성화고 교장  검찰 송치,Social
 학폭 고발  표예림 숨진 채 발견 스토킹 의혹 유튜버  난 잘못 없다 ,Social
학폭 피해 표예림씨  생전 영상서 피해 호소 가해 지목 유튜버  진실 아닐 수 있어  반박,Social
 사람 치었다  손수레 끌던   대 사망케 한 운전자     에 직접 신고,Social
  월 멧돼지 출몰 가장 많아    천천히 뒷걸음질로 숨어야 ,Social
표예림  스토킹 유튜버  실물 폭로  끝까지 추적해 지옥 보낸다 ,Social
대치 투에스에듀   김재하 수학몰입 윈터스쿨  개최,Social
 지난  년간  만명 스스로 목숨끊었다 코로나   사망보다 많아 ,Social
인천 공장서   대 노동자 지게차 치여 사망,Social
내년  인천대로 지하화  시작 인천 고속도 건설   조 시장 열린다,Social
폐기물 공장서   대 근로자 지게차에 치여 숨져,Social
대구경북 신공항 효율적 물류시스템 방안은 잇단 세미나,Social
 단독 박범계  출장 동행 지인에  법무부      만원 용역도 줬다,Social
 최고의 복지는 밥  부천시청 구내식당   년만에 직영 전환,Social
약물치료 안 받은 조현병 환자  년간     명,Social
폭식하고 토하고 굶고  섭식장애  환자   명 중  명  여성 ,Social
술 담배 대신 사준다면서 여고생 신던 스타킹 양말 요구,Social
학령인구 감소에도 영어유치원 호황  년간    배 증가     국감 ,Social
 대한민국    대 명품숲 에 경기도  개 숲 선정,Social
 약점 폭로하겠다  수억 뜯어낸 김용호  영장 실질심사   일로 연기,Social
유남석 퇴임 한 달 앞으로 헌재소장 후임 인선도 난항,Social
 단독  고 이영승 교사  제 의 학부모가 사망 이틀 전부터 압박,Social
미스코리아  진    세 최채원   보스턴대 재학 중인 재원,Social
 인천서 여성   명 살해하겠다  협박글 올린   대    징역  년 구형,Social
수도권제 순환고속도로서 전도된     화물차   대 운전자 사망,Social
     만원 장학금 준다는데도 의대생 지원 미달  이 것 ,Social
 조폭 저격  유튜버 폭행한 일당  안양지역 조폭으로 확인돼,Social
한물간 댄서 배우 밤무대 가수 만년 고시생의  하루 한 끼 ,Social
손수레 끌던   대 참변  사람 치었다  만취운전   대  직접 신고,Social
안성 일죽면 물류센터 신축현장서   대 추락    끝내 숨져,Social
현재 중 부터 선택과목 없애고 내신  등급     학년도 대입 개편안,Social
한달에    만원은 드는데   세 고시  치르며 교습비 치솟는 영유,Social
 여기가 네 땅이냐    일째 편의점 앞 보복 주차 경찰도  방법 없다 ,Social
 내 아이 맞아   돌변한 수의사 남친  사실 나 유부남 ,Social
버스타려다  음료 안돼요  길바닥에  퍽  내동댕이,Social
 네트워크 특별대담  홍기현 경기남부경찰청장  민 관 경 협력으로 안정된 치안 확립 ,Social
 보행자 보이지 않아    대 운전자 차에   대 치어 숨졌다,Social
대법  부마항쟁보상법 따라 보상받아도 위자료 따로 청구 가능 ,Social
이스라엘 단기체류    명 귀국    무사 귀국 다행 ,Social
도마 속에 수천억원치 필로폰 숨겨 밀반입한  개국 조직 검거,Social
 핫클릭   현실판 더글로리  학폭 고발 표예림 씨 숨진 채 발견  ,Social
선택과목 없애고 내신은  등급으로 사교육 조장 우려,Social
 어떻게 생각하세요 기아 노조  가족 고용세습  유지  공정성 논란,Social
난임 시술  년새       아이 낳으려는 부부에 지원 늘려야 ,Social
 순두부 커피 감자 커피  마시러 강릉 커피축제 가볼까 ,Social
정유정 반성문   번 제출했지만 재판부  반성인지 아닌지 헷갈려 ,Social
 조선업 유학생 비자  상반기  천명 목표였는데 발급은   건,Social
 무사히 돌아와 줘서 고마워    이스라엘 체류 국민    명 귀국,Social
겸직 금지 어기고 수억 번 유튜버 궤도  규정 잘 몰랐다 ,Social
 위니아 브랜드 믿고   억어치 물품 납품했는데 부도라니  ,Social
모텔 환풍구 속 수상한 카메라 영상    만 개 나왔다,Social
 삼성폰 점착제 제조법 유출  협력사 직원에   억 배상  판결,Social
 여자   명 죽이겠다  협박 글 쓴   대  아버지에게 효도하게 선처 부탁 ,Social
부산 기장에 국내 최대 반려동물 테마파크 생긴다      만 천  규모,Social
      미스코리아 진  최채원은 누구        플랫폼 미술감독이 꿈 ,Social
 자막뉴스   유명 연예인 마약 투약 목격  경찰에 다급한 신고 뒤   ,Social
 사반 제보  옥상에서 물 뿌리고 욕하는 여성   몇 년 동안 지속돼 ,Social
인생샷 찍으려다 주왕산서   대 추락사,Social
오토바이 지나자마자 펑 서산 상가 가스폭발로  명 중경상,Social
 사반 제보   여기가 너네 땅이냐  편의점 입구 막은 차량  무슨 일 ,Social
인천 폐기물 업체서   대 여성 지게차에 치여 숨져,Social
과학 유튜버 궤도   공무원 겸직금지  규정 어겨 징계 받는다,Social
김천 돈사서 불 돼지   마리 폐사,Social
 전화 안 받아    이혼  요구 아내 집에 화염병 던진 남편  집유 ,Social
 여성만   명 살해  협박글   대  효도할 수 있게 선처 부탁 ,Social
 춤추는 갈대밭 따라 피어나는 꽃   강진만 갈대축제   일 개막,Social
  월 열흘간 수출 줄고 수입 늘어 무역적자   억 달러,Social
 공교육 파행  사교육비 증가      혹평  나온      대입 시안,Social
제주항공  부산 보홀 노선   일 취항 필리핀 노선  개로,Social
차선변경 시비에 흉기 위협    잡고보니 술 마신 수배자,Social
고속도로 커브길서 넘어진   톤 화물차   대 운전자 사망,Social
 뉴스라이더   심신미약  검색했던 최원종  정신감정 신청   유족  엄중 처벌해야 ,Social
안성 물류센터 신축 현장서   대 작업자 추락해 숨져,Social
초진인데 사후피임약 비대면 처방 다이어트 한약 해외배송까지,Social
부산 기장군 국내최대 반려동물 테마파크 본궤도,Social
 말년병장 감동   알바생 찾았다  군인은 감사한 존재  자부심 가지세요 ,Social
질병청   오염수 전국민 장기추적 필요보고서 숨긴 것 아냐 ,Social
  보안업체    해킹조직  구조조정  협업 강화로 공격 다양화 ,Social
부산시  국내 최대규모  반려동물 테마파크  주민협상 전격 타결,Social
손수레 끌던   대 여성  음주운전 승용차에 치여 숨져,Social
 학폭 고발  표예림씨 숨진 채 발견 스토킹 의혹 유튜버  난 잘못 없다 ,Social
       딸 태우고 음주운전하려던 아빠 출동 경찰관까지 폭행,Social
강서구청장  시 투표율      지방선거보다       ,Social
서산태안시민행동  일본 핵 오염수 방류  홍범도 이순신 장군 본다면    ,Social
담양서 퇴직 간부공무원 실종 경찰 수색 중,Social
현대로템  우크라전 피난민 철도 운송 기여 우크라 정부 사의,Social
 갈수록 비싸진다  영어유치원     만원인데  만 명 다닌다,Social
영남이공대   경영회계계열   학번 김무영 씨  세무사 시험 합격,Social
 뉴스       이스라엘에 발 묶였던 우리 국민    명 무사히 귀국,Social
올해 미스코리아  진  누구  유학파 디자인 전공,Social
비 김태희 집 수차례 초인종 누른 스토킹   내달 첫 재판,Social
 이게 몰카였어   비데에 달고  공유기로 위장하고,Social
성동구 대형 슈퍼마켓서 화재 발생 같은 건물   명 대피,Social
한라산에도  첫 단풍  들었네 전국 청명한 가을,Social
서울대 경북대병원 노조  오늘부터 파업 돌입  의료 공공성 강화 등 요구,Social
현재 중 부터 선택과목 없애고 내신  등급     학년도 대입 개편안,Social
부산에   만  국내 최대 규모 반려동물 테마파크 조성 계획,Social
 나라 지켜줘서 감사  군인 울린  빽다방 알바생 은   대 여성,Social
 보궐선거  강서구청장 오전  시 투표율      직전 지선보다 낮아,Social
레벨테스트   세 고시 라 불린다 유아 평균 영어 학원비 얼마,Social
김태희 비 부부 집 찾아가  초인종 누르고 스토킹한   대     개월 만에 첫 재판,Social
 아파트 입주자 회장 되고 싶다 며 아파트선관위원장에 금품 준 후보,Social
  대 마트 업주가 단골 치마 속 도촬    발각되자 휴대폰 내리쳐,Social
  표예림 유서 속 유튜버  입장 공개  법적 공방에 위기감 느낀 듯 ,Social
파주시  초롱꽃마을 출판단지 잇는 심학산로 임시 개통,Social
 영상   흉기난동  최원종 정신감정 신청   형량 줄이려는 꼼수 ,Social
오늘부터 고령층 대상 독감 무료 예방접종 시작   세 이상 먼저,Social
 데블스 플랜  궤도  공공기관 다니며 영리 활동했다,Social
서울의   월 가을 밤 밝히는 빛 축제 열려,Social
  정부   가루쌀  보급 무리하게 추진 성과는 미궁 속,Social
 현실판 더 글로리  표예림 숨진 채 발견 고인이 지목한 유튜버  난 잘못 없어 ,Social
 전세보증금 떼일 걱정 마세요   울산시   보증료  지원,Social
   가 상속 분쟁  세 모녀 측 변호인  첫 변론 직후 사임,Social
서울대병원 무기한 파업 돌입  환자 불편 불가피 ,Social
추석 연휴 심야시간 틈타 강북 일대 빈 상가   여 곳 턴   대,Social
새벽 음주운전하다 행인 치어 숨지게 한   대 조사,Social
버스 타려다  음료 안 돼요  저지당하자  퍽  길바닥에 냅다 던진 남성,Social
전세계인에 감동주고     세 스카이다이버  할머니  하늘로 떠났다,Social
   구급대로 이송된 소아환자    명  병원서 문전박대  당했다,Social
새벽 서울 성동구 건물  층 슈퍼에 불   명 대피 소동,Social
이스라엘 단기체류 국민    명 귀국  무사히 돌아와 다행 ,Social
송도국제도시 공원 내  맨발 길  인기,Social
영어 유치원비      만원 졸업 후엔  레벨테스트  경쟁도 치열,Social
서울대       대입안에  큰 변화나 본고사 부활 없어 ,Social
같이 사는 친언니가 간섭하고 잔소리 반복하니 힘들다 마음상담소 ,Social
유튜버 카라큘라  반드시 책임 묻겠다  표예림 죽음에 가해자 응징 예고,Social
 여자만   명 살해  협박글 올린   대  효도 할 수 있게 선처 부탁 ,Social
 내일날씨  대체로 맑은 가을날 낮 최고      도,Social
이스라엘 단기 체류 한국인    명  인천공항 무사 귀국,Social
브릿지바이오  특발성 폐섬유증약    상 지속  권고받아 ,Social
낮 기온      도 맑고 일교차 큰 가을 날씨,Social
 흠집 난 과일 따로 상품화해 판매  수익 전액 아이들 위해 씁니다  나눔 실천하는 초록빛 능력자들 ,Social
연예인 약점 잡고  돈 내놔  김용호    일 구속심사,Social
부마민주항쟁 보상 받아도 정신피해 배상 인정,Social
성지순례 갔다가 봉변 이스라엘 체류 국민    명 귀국,Social
 이재명에   억 줬다  주장한 폭력배 박철민 최후 진술은 ,Social
이스라엘 체류 한국인    명 귀국  현지 상황 들어보니,Social
마음씨도 애국심도  최고  군인 감동 시킨  빽다방 알바생  찾았다,Social
서울대병원 노조  오늘부터 무기한 파업 인력 확충 임금 인상 요구,Social
 연예인이 마약했다  신고   경찰 출동하자      줄행랑  띵동 이슈배달 ,Social
 초심 잃지 않았으면 동네 발전 시켜달라  투표 마친 주민들의 바람 종합 ,Social
검찰   이재명에 현금 전달  주장 박철민에 징역  년 구형,Social
 현실판 더 글로리  표예림씨 사망 카라큘라  가해자 책임 끝까지 묻겠다 ,Social
몰카 비데에 달고 셀카봉으로 모텔 옆방 찍었다 또 늘어난  나쁜 놈 ,Social
 외모 불량하니 떨어트려라    유명 특성화고 입시조작 덜미,Social
한 명이 유인한 사이 슬쩍    여성 근무 편의점 턴 중학생들,Social
  오염수 다  먹어라    여성 시의원  행사 중 폭행당해,Social
법정서     만원 전달 재연한 유동규 정진상 측    월에 양모 코트  ,Social
      국감 국회 교육위 국감 시작  김건희 논문  이동관 정순신 자녀 학폭 쟁점,Social
미   세 여성 스카이다이버  최고령 신기록  일 만에 사망,Social
   유권자 홍준표 이철우에 긍정적  일 잘한다               ,Social
 인터넷 와글와글  키아누 리브스   살 소년 요청에 캐치볼 게임 추억 선사,Social
 가족들 안도의 포옹  이스라엘 단기체류 국민 일부 무사귀국,Social
아내 딸 보이자 와락 이스라엘 단기체류 국민    명 귀국,Social
표예림 유서 영상  스토킹 유튜버  도 넘었다  지목 유튜버  우리 잘못 없다 ,Social
통합형       대입개편안   전문가  명확한 평가 가이드라인 필요 ,Social
오늘 법무부 국정감사 이재명 대표 수사 두고 여야 공방,Social
 속보  이스라엘 성지순례 우리 국민    명 무사 귀국,Social
홀덤펍에서 술 안팔아도 청소년은  출입금지 ,Social
올해 경북서  진드기병 으로  명 사망 야외활동 조심,Social
 필수 의료 인력 충원하라    경북대병원 노조   년 만에 총파업,Social
 음료를 바닥에 내동댕이  음료 들고 버스 타려던 승객  무슨 일 ,Social
영어 유치원비  서울보다 비싼 지역  곳 어디 ,Social
 외제차 팔아 투자금 내놔  감금 폭행한   대 징역  년,Social
 강제 추행  처벌받고도 정신 못 차린   대  알몸으로 동년배 식당 주인 건들다 징역,Social
 이별 통보에 분노  본인 집에 불지른   대 검거,Social
 인터넷 와글와글  박서준  더 마블스    월  일 개봉  얀 왕자 의 존재감,Social
이 팔 무력충돌로 발 묶였던 국민    명 이스라엘서 무사 귀국  뉴시스    ,Social
대법  포괄임금제여도 수당 뺀 기본급이 최저임금보다 높아야 ,Social
이동재 전 기자  정준희 교수 등  명예훼손  고소,Social
 이재명에   억원 줬다  주장한 조폭  최후진술 들어보니,Social
재혼 실패하는 이유  돌싱   기대감 너무 높아    는 ,Social
 고등 교사가 학생 폭행   분리조치  없어,Social
코인 투자로 빚더미 앉은 남편  이혼 요구에  빚도 분할 대상 ,Social
 친일파들 오염수 다  먹어라  국민의힘 고양시의원  괴한에 폭행당해,Social
오늘 법무부 국정감사  이재명 영장  최대 현안,Social
  대의 어긋난 로맨스  접근금지 무시하고 또 다시 스토킹,Social
 영상   길에 탱크  공항은 마비  이스라엘 탈출    여명 무사 귀국,Social
영어유치원비 월    만원  교육 불평등 심각 ,Social
 누에 치는 왕비의 재림  서초구  년만에 잠원나루축제,Social
비데에 카메라 달고 셀카봉으로 옆방 찍고 불법 촬영 증가세,Social
광주 수완 지하차도 입구서     들이받은 오토바이 운전자 숨져,Social
 조리돌림 당했다  표예림 유서에 지목된 유튜버   내가 피해자 ,Social
반말에 폭언까지 배달노동자 절반  고객 업주로부터 갑질 당해,Social
중증정신질환자 느는데 센터 정신건강전문요원 비중 되레  감소  병원 밖 정신질환자 ,Social
 희망이 현실로    회 강제입원  중증 정신질환자의 자립 성공기 병원 밖 정신질환자 ,Social
이스라엘 여행한 유튜버  현재 다른 나라  난 안전해 ,Social
인천 고잔동 폐기물공장   대 노동자 지게차 치여 숨져,Social
 비행기 언제 뜰까 생각만  귀국 국민들 전한 이스라엘 상황,Social
음주운전 신고 포상제 시행 한 달째  현장은 ,Social
 주식 코인 실패한 남편  이혼하면  억 빚 분할하겠답니다 ,Social
 보궐선거  강서구청장 오전  시 투표율      직전 지선보다       ,Social
 무사 귀국 실감  이스라엘서 우리 국민    명 입국,Social
정유정 반성문   번 제출했지만 재판부  반성 맞나 헷갈릴 정도 ,Social
 나체로 뒤에서 끌어안아   식당 주인 추행 혐의   대 징역형 선고,Social
      국감 오늘 법무부 국감  한동훈 책임론  공방  예고,Social
장출혈인데  치루 수술  받고 사망 유족   오진  의사 이례적 구속에도 분통,Social
이스라엘 단기 체류 한국인    명 무사 귀국,Social
   오염수 너희가 다 먹어라  친일파  들아   국민의힘 고양시의원 폭행당해,Social
  시  땡  하자 투표소로 발걸음   시부턴 대기줄  투표열기 후끈,Social
  대 외국인  모텔 객실  곳에  몰카      명 당했다 ,Social
이스라엘 체류 한국인    명 귀국 가족들과  감격의 포옹 ,Social
인천 공장서   대 노동자 지게차 치여 사망,Social
  억 원대 가상화폐 사기 수사 무마 청탁한   대 구속,Social
이 팔 사망자     명 넘어 가자지구 공습 계속 뉴스쏙 속 ,Social
검찰   영아 살해 화장실 유기    대 친모 징역  년 구형,Social
용산구 버스정류장 도배된 최   주무관 누구 ,Social
술에 취해 난동 피우고 출동 경찰관 폭행한   대 체포돼,Social
이스라엘 단기체류    명 우선 귀국    무사히 귀국해 다행 ,Social
학부모 대상 공개수업 줄줄이 취소 대전에서 무슨 일이,Social
 낙하산  관광공사 부사장  용역 심사위원 선정 부당개입 의혹,Social
 대입 개편 수능은 계속 오지선다형 논 서술형 개편 다시 추진할까,Social
새만금 예산     억원 돌려주오 전북서  삭발에 단식  아우성,Social
수도권매립지 내 폐기물  꼼수  반입 차량 수백대 적발,Social
 단독  청소년 마약 폭증에도 전문위 회의는 달랑  두 번 ,Social
설탕도  소금도  년 만에 최고치 상승   외식 물가 더 오르나 ,Social
 단독 최중증 발달장애인  만명  정부 돌봄서비스 대상은    그쳐,Social
새벽에 음주운전하다가 행인 치어 숨지게 한   대  경찰 잡고보니,Social
     만원 영어유치원 다음은   세 고시  사교육 광풍,Social
청송 주왕산서 기념촬영하던   대 참변,Social
기아 노조    일부터 파업 돌입  고용세습  조항 놓고 갈등,Social
 피해 분담금 더는 못 내겠다  애경  행정소송까지 진행,Social
영어 유치원비 한달    만 원 졸업하면   세 고시  레벨테스트,Social
 나라 지켜줘서 감사  군인 울린  빽다방 알바생  찾았다,Social
이스라엘 단기체류 국민    명 귀국  무사히 돌아와 다행 ,Social
   월   일생  주민번호   도장 엉터리 대담한  회장님 ,Social
대법  부마항쟁 보상금 받았더라도 정신적 손해배상 가능 ,Social
 나라 지켜줘 감사  말년병장 울린 감동카페 알바 찾았다,Social
서울대병원 경북대병원 노조 오늘부터 파업   의료 공공성 강화 등 요구,Social
육군 병장 감동시킨 알바생 찾았다  군인의 희생 당연하지 않아 ,Social
 뉴스딱  합격했는데  년째 백수 대기 중인 지방공무원      명,Social
 무사히 돌아와 다행  이스라엘 체류 국민    명 귀국,Social
    타고 온 소아환자에  전문의 없어요    작년에만    건 육박,Social
브랜드명까지  한글  이제 대놓고 베끼는  짝퉁   푸드 ,Social
가정폭력 아빠 피해 옮겼는데 어린이집 퇴소 거부당했다,Social
 청담동 주식부자  이희진  이번엔 코인 사기 투자자 속이는  스캠 코인  해부,Social
     억 원어치 마약  도마 에 숨겨 국내로 경찰   개월 수사 끝에 국제범죄조직 검거,Social
서울대병원 노조  오늘부터 파업  인력 확충     응급실 등 필수인력은 유지 ,Social
 아침신문 솎아보기  한겨레  인터넷언론사 심의 불능 의견 직후 법무팀 인사 전원 교체 ,Social
 아는 것이 힘 갑자기 한쪽 귀만 먹먹할땐  돌발성 난청  의심을,Social
영어 유치원비 한달    만원 졸업후엔   세 고시  레벨테스트도,Social
 강제추행  벌금형 받은   대 두달 만에 또,Social
새마을금고 광주전남본부  내부횡령   억여 원  고양이에게 생선 맡긴 꼴 ,Social
 전쟁 터져 가슴 철렁 무사히 돌아와 다행  이스라엘서 귀국 여행객들,Social
 관련 규정 몰랐다  과학 유튜버  궤도    겸직 규정  어겨 징계 불가피,Social
불법체류 단속하다 다친 공무원 급증 작년  명 올해   명,Social
국민연금   년 가입자 월 평균    만원 받는다      는 아직    만원 미만 ,Social
 화장실 비데에 카메라 달고 셀카봉으로 모텔 투숙객 촬영,Social
     원 꼭 갚을게요  돈 부족한 초등학생들에게 음료 내어준 사장  잇슈 키워드 ,Social
 잇슈 키워드   서이초 학부모  범죄 혐의  발견 못 해  수사 마무리될 듯,Social
서울대 경북대병원 오늘부터 무기한 파업 진료 차질 불가피,Social
 잇슈 키워드   호기심에  모텔 돌며  몰카  설치한 중국인 구속,Social
대법  부마항쟁 보상금 받았어도 정신적 손해배상 청구 가능 ,Social
        서울 강서구청장 보궐선거 오늘 본투표  ,Social
 가족과 끌어안고 눈물  이스라엘 체류 국민    명 인천공항 도착 ,Social
강제추행 집유기간에 또 옷 벗고 식당 주인 끌어안은   대,Social
 굿모닝브리핑  광명역 침수 피해  년 지나 복구   중국산 부품 수급난,Social
 이 팔 전쟁  이스라엘 단기체류 국민    명 귀국  무사히 돌아와 다행 ,Social
이스라엘 출발    명  인천공항 도착  무사히 와 안도 ,Social
차 사이로  불쑥  아이 안고 무단횡단한 여성  항의하자  서행하라 ,Social
법인 어린이집 열에 셋은   년 넘은 노후 건물  안전점검도 있으나마나 ,Social
객실 천장에  몰카     여명 투숙객 불법촬영   대 구속,Social
권익위  이재명  법카 유용 알았을 가능성  대검에 이첩,Social
 탈의실 신발장 구멍서 불빛  반짝반짝  경비원이 몰래 찍었다,Social
연     만원 장학금 준다는데 의대생  공중보건장학제  참여 저조,Social
음료 들고 버스 타려다 거부당하자 길바닥 내동댕이쳤다,Social
버스 타려다  음료 안 돼요  저지당하자  퍽  길바닥에 던진 남성,Social
 이름바꾸고 대박났다구   신간도서 발간,Social
 개월 아들 방치해 심정지   대 친모  심도 징역   년 구형,Social
 불가능한 일반 예약  테니스코트  황금시간대 는 동호회 차지,Social
  억대 가상자산 사기   대 구속  브로커  수사기관 지자체 영향력 행사 수사 ,Social
  오염수 너희가 다  먹어라  국민의힘 의원  괴한에 폭행당해,Social
한국인 여행객    여 명 인천공항 도착,Social
선택과목 사라지는 사탐 과탐 심화수학은 사교육 조장 우려,Social
 조리돌림 당했다      표예림씨가 저격한 유튜버 반박,Social
 이사람  이주호  교육개혁 시동  대입 두축  수능   내신  개편,Social
매경이 전하는 세상의 지식  매 세 지    월   일 ,Social
광안대교 야경 있고  술판 없고 확 달라진 민락수변공원,Social
등으로 떨어졌는데 이웃 계단서 살해한 혐의   대  무죄   왜,Social
 대입 개편    등급제  자사 특목고 쏠림 되레 심해질 것  엇갈린 교육계,Social
 단독  띵동  통계청입니다  친절한 조사원들  사실  문 뒤 가 두렵다 국감     ,Social
 년 차 연봉     만원   세대가 험하다는 인테리어 시공 현장에 뛰어든 까닭은,Social
 더 한장  중국   대들의 탕핑     반란  변신 걸상 교실의 진화 ,Social
 실종자 찾아요  문자 발송   분 만에  택시기사 눈썰미 ,Social
서울대병원 경북대병원 오늘부터 파업 돌입  진료 차질 불가피 ,Social
 사라져   죽었다   산 채로  푸들 생매장 견주의 거짓말 사건의 재구성 ,Social
 내일 총선이라면  국민의힘       민주당        서울 국민의힘  인천경기 민주당  강세 ,Social
말년병장 울린 그  빽다방 알바생  찾았다   군인들 자부심 가졌으면 ,Social
울어야  진짜  데이트폭력 피해자  틀렸습니다,Social
 굿클리닉 치매 주범  알츠하이머병     영양제 효과 없어 생활습관 개선 더 중요,Social
내신  등급 수능 선택과목 폐지 현 중 부터,Social
모텔서 신생아 던진 친모 체포  영아 살해 ,Social
오진 탓에 사망했는데 소송에 속터지는 유족들,Social
김행  대기실에 있었을 뿐 행방불명 결코 아냐       공개 요구,Social
사고 현장 덮친 버스  차 사고로  명 사망,Social
명동 거리  가격 표시제  실시   바가지 사라졌을까 ,Social
 수도권은 과밀  지방은 부족  병상 불균형도 가속화,Social
교사에 항의한 학부모 아이 항문에   묻어있어서,Social
 군인들 자부심 가졌으면  육군 병장 감동  알바생  찾았다,Social
신호 걸릴 때마다  후루룩   안쓰럽다   위험한 행동 ,Social
 오늘 아침 신문  노벨상이 주목한 성별 임금 격차      년째  위 개선 속도도 더뎌,Social
 이재명에   억 줬다  주장  조폭  박철민의 최후 진술 어땠나,Social
 나라 지켜주셔서 감사  군인 감동시킨  빽다방 알바생  찾았다,Social
이스라엘 체류 국민 중    명 인천국제공항 무사히 도착 종합 ,Social
    에 잡힌 가스 폭발  명 중경상,Social
오늘부터   세 이상 고령층 독감 무료접종 시작,Social
현재 중 부터 내신  등급제 수능 문 이과생  공통 과목 ,Social
강제추행 벌금형 받은 지 두 달여 만에 식당 주인 추행한   대,Social
김동연표  초등생 아침급식 제공  사실상 무산 도교육청  공약서 제외,Social
재산 축소 신고해  사회통합 전형  합격  합격 취소 ,Social
 외모 불량해 불합격  유명 특성화고  입시조작  수사,Social
 사교육 확대 우려   취지에는 공감  교육계 반응은 ,Social
흐느껴야  진정한  데이트폭력 피해자   통념으로 판단 안돼 ,Social
의대생   천만원 장학금 안 받을래요  무슨 일 ,Social
학폭 피해 폭로 유튜버  부산서 숨진 채 발견,Social
한국인 여행객    여 명 인천공항 도착 예정,Social
한국인 철수 시작 잠시 후 인천공항 도착,Social
이재명 영장 기각  주    고심 끝  위증교사  분리기소 가닥,Social
선택과목 모두 없애 유불리 원천 차단  변별력 확보는 어떻게       대입 개편 시안 ,Social
 한동훈    야당  오늘 법무부 국정감사서  이재명 수사 로 격돌,Social
 조센징 국기 볼 때마다 화나  태극기 불태운 누리꾼 조사,Social
러 스파이와 첩보전 펼친 북유럽  국 공영방송 승리 비결은 ,Social
서울대병원   무기한 총파업  돌입 진료 수술 차질 우려,Social
  정부  내년도 희귀질환 지원 사업    억 삭감 논란,Social
신라젠  이젠 결과물로 말할 것 올 하반기부터 가시화  인터뷰 ,Social
     대입제도 개편 시안  특목고 자사고  쏠림 우려,Social
 택시랑 비슷하네  지하철 요금 인상  발길 무거운 출근길,Social
만취 귀가 꾸짖은 모친 살해 대학생 아들 첫 재판,Social
오늘 법무부 국정감사  영장기각  이재명이 최대 현안,Social
대법  부마항쟁 보상금 받은 피해자도  정신적 손배소  가능 ,Social
신생 자영업자 노리는  광고 사기  여전 포털 상단 노출  인플루언서 홍보로 끌어들여,Social
 아빠가 중요부위 만졌어요   알고보니   살 딸은 일기장 달달 외웠다,Social
국내 업체 가습기 살균필터서도 독성물질 환경부는 숨겼다,Social
 학부모와 골프를  전교생  배 이상 늘어난 경북 당포초,Social
   명이 당했다 모텔 돌며  몰카  설치  불법촬영한  간큰  중국인,Social
   억 뇌물  이정근 항소심 오늘 선고     사실상 감형 요청 ,Social
 이슈     국민연금 월   만    만원 신규수급자 가입기간은 평균   년,Social
 내 잘못 없어   표예림 유서 속  스토킹 유튜버  입장 밝혀,Social
 이혼  요구한 아내 집 찾아가 화염병 던진 남편  집행유예 ,Social
 멀쩡한 나무도 벌목 산림 바이오매스 되레 온난화 부추긴다 ,Social
 남편이 딸 성추행했다  아내의 수상한 신고  알고 보니,Social
이스라엘 여행 떠났던 유튜버  난 안전해 ,Social
  등급제 로 내신 부담 덜어낸 중  자사고 특목고 더 몰릴까,Social
대선 때  이재명 측근에   억 줬다 던 조폭 검찰  징역  년 구형,Social
열흘 전 폐교된 대학인데 오랜 방치 흔적,Social
시부모   서 고생만 했는데 하늘나라서는 잘 살거라  베트남 며느리 교통사고 참변에  눈물바다 ,Social
 병원 문전박대  소아환자     재이송 지난해    건 육박,Social
주유소 직원 실수로  혼유 사고  운전자     과실 논란,Social
 라돈 제품  회수율 절반 미만   중고 거래 버젓이,Social
 나무 도마  쩍 쪼개보니    만명 분량 대량의 필로폰,Social
 반은 네가 갚아  아내 몰래 코인 투자  억 빚진 남편  황당 요구 ,Social
 단독  초진 인데 비대면 피임약 처방에 해외  배송  불법 여전,Social
 돈봉투 의혹  윤관석  표 매수 목적 없었다 ,Social
